0.1 20 149.884259487714 149.938591105381 149.94912796008 149.971945891898
0.2 20 149.810641997261 149.884397941725 149.914205141155 149.943812101762
0.3 20 149.754104981923 149.837365307736 149.884587034395 149.916551277669
0.4 20 149.7068039002 149.795615597413 149.856952181315 149.889813560085
0.5 20 149.665312281957 149.757752455121 149.830112624494 149.863331811822
0.6 20 149.627833732354 149.722833404951 149.803609149107 149.836973941959
0.7 20 149.59330882309 149.690212784543 149.777256907432 149.810680665146
0.8 20 149.56105783438 149.659433643826 149.750980163234 149.784426446261
0.9 20 149.530616443884 149.630161920055 149.72474838387 149.758201337202
1 20 149.501652155852 149.602146535015 149.698550845094 149.732003250309
1.1 20 149.473918372195 149.575194658976 149.672386476444 149.705834845241
1.2 20 149.44722753535 149.549155906766 149.646259865272 149.679702387653
1.3 20 149.42143458814 149.523911909458 149.620179780871 149.653615445841
1.4 20 149.396426317657 149.499369208997 149.594158737123 149.62758694229
1.5 20 149.372114207468 149.475454266385 149.56821298105 149.60163335053
1.6 20 149.348429465254 149.452109853493 149.542362648762 149.575774942761
1.7 20 149.32531944848 149.429292376576 149.516631976608 149.55003604329
1.8 20 149.30274501887 149.40696984412 149.49104951709 149.5244452652
1.9 20 149.280678533158 149.385120291364 149.465648336131 149.499035718599
2 20 149.259102282124 149.363730535685 149.440466180776 149.473845184574
2.1 20 149.238007253433 149.342795176346 149.415545612545 149.448916252373
2.2 20 149.217392133621 149.322315777812 149.390934104923 149.424296419356
2.3 20 149.197262490096 149.302300193015 149.3666841053 149.400038154582
2.4 20 149.177630091008 149.282761994762 149.342853062682 149.376198927644
2.5 20 149.158512332317 149.263719991796 149.319503423056 149.352841204805
2.6 20 149.139931749425 149.245197811919 149.29670259458 149.330032414723
2.7 20 149.121915596475 149.227223539058 149.274522885065 149.307844886289
2.8 20 149.104495480738 149.209829394391 149.253041414758 149.286355761634
2.9 20 149.087707042622 149.193051454253 149.232340008006 149.265646887916
3 20 149.071589674111 149.176929399232 149.212505067951 149.245804692064
3.1 20 149.056186270015 149.161506290189 149.193627438564 149.226920042818
3.2 20 149.041543007519 149.146828367735 149.175802258172 149.209088104225
3.3 20 149.027709150388 149.132944872369 149.159128808059 149.192408184205
3.4 20 149.014736874793 149.119907882976 149.143710358947 149.176983580981
3.5 20 149.002681114343 149.107772171785 149.129654017145 149.16292142918
3.6 20 148.991599422318 149.096595074286 149.117070571237 149.150332546466
3.7 20 148.981551849508 149.086436372859 149.106074339363 149.139331280771
3.8 20 148.97260083636 149.077358193132 149.096783016564 149.130035357581
3.9 20 148.96481111828 149.06942491218 149.08931752131 149.122565726372
4 20 148.958249643087 149.062703077774 149.08380184018 149.117046405194
4.1 20 148.952985499877 149.057261338125 149.080362871114 149.113604323759
4.2 20 148.949089859028 149.053170382006 149.079130268122 149.112369167899
4.3 20 148.946635923465 149.050502889462 149.080236292488 149.113473230445
4.4 20 148.945698891433 149.049333493444 149.08381567619 149.117051274334
4.5 20 148.946355930972 149.049738752621 149.090005502265 149.123240412717
4.6 20 148.948686166014 149.051797135351 149.098945104201 149.132180008232
4.7 20 148.952770673737 149.055589014489 149.110775983649 149.144011590702
4.8 20 148.958692492682 149.0611966726 149.125641743336 149.1588787901
4.9 20 148.96653664099 149.068704316947 149.143688030264 149.176927279779
5 20 148.97639014394 149.078198103468 149.165062483675 149.198304724384
5.1 20 148.988342069798 149.089766168811 149.18991468211 149.223160726719
5.2 20 149.002483572917 149.10349866938 149.218396084596 149.251646768609
5.3 20 149.01890794196 149.119487825474 149.25065996255 149.283916142378
5.4 20 149.037710654314 149.137827971407 149.286861328328 149.320123878746
5.5 20 149.058989439336 149.15861561412 149.327156873565 149.36042668427
5.6 20 149.082844352798 149.18194950259 149.371704931048 149.404982902314
5.7 20 149.109377863493 149.207930708958 149.420665466813 149.453952504619
5.8 20 149.138694951351 149.236662720753 149.47420010286 149.507497113935
5.9 20 149.170903216209 149.268251543328 149.532472164723 149.565780051783
6 20 149.206112996626 149.302805811832 149.595646745281 149.628966402378
6.1 20 149.24443749829 149.34043691216 149.663890774007 149.697223081574
6.2 20 149.28599293139 149.381259110258 149.737373079701 149.770718898856
6.3 20 149.330898656043 149.425389688886 149.81626443827 149.849624604137
6.4 20 149.379277334291 149.4729490904 149.900737599558 149.93411291368
6.5 20 149.431255083043 149.524061060719 149.990967289113 150.024358511042
6.6 20 149.486961621133 149.57885278801 150.08713018371 150.120538021678
6.7 20 149.54653042443 149.637455047812 150.189404895271 150.22282999458
6.8 20 149.610098905716 149.700002370995 150.297971998226 150.331414927018
6.9 20 149.677808623861 149.766633239551 150.413014116075 150.446475349323
7 20 149.749805517145 149.837490305375 150.534716067013 150.56819596933
7.1 20 149.826240155949 149.912720627374 150.663265059182 150.696763866231
7.2 20 149.907268011025 149.992475922539 150.798850912974 150.832368710268
7.3 20 149.993049735898 150.076912829179 150.941666285917 150.975202985003
7.4 20 150.083751464331 150.166193183318 151.0919068848 151.125462197869
7.5 20 150.179545120372 150.260484305946 151.24977164112 151.283345054919
7.6 20 150.280608737177 150.359959297475 151.415462834904 151.449053583723
7.7 20 150.387126774473 150.464797330905 151.589186162802 151.622793199251
7.8 20 150.499290377924 150.57518389758 151.771150748161 151.804772710653
7.9 20 150.617297630083 150.691311033089 151.961569077416 151.995204254961
8 20 150.741353759398 150.813377502434 152.160656774039 152.194303076538
8.1 20 150.871671438047 150.941589064764 152.368632510667 152.402287424133
8.2 20 151.008471218647 151.076158867252 152.585718226964 152.619378742114
8.3 20 151.151982126263 151.217307986243 152.812139675543 152.845802186067
8.4 20 151.302442355594 151.365266065481 153.048127140436 153.081787330919
8.5 20 151.460100011336 151.520271990763 153.293916224539 153.327568962764
8.6 20 151.625213861875 151.6825745756 153.549748553071 153.583387793518
8.7 20 151.79805408227 151.852433234177 153.815872318441 153.849491012482
8.8 20 151.978902958391 152.03011861409 154.092542638249 154.126132642558
8.9 20 152.168055545043 152.215913182552 154.380021701602 154.413573677291
9 20 152.365820105278 152.410111640602 154.678578716753 154.712082011125
9.1 20 152.572518353333 152.613021139051 154.988489410318 155.021931955616
9.2 20 152.788485821544 152.824961503885 155.310034879942 155.343403115371
9.3 20 153.014072184088 153.046265475759 155.64350054059 155.676779242053
9.4 20 153.249642510883 153.277279761656 155.98917704641 156.02234893213
9.5 20 153.495578834014 153.518366466628 156.347362095239 156.380407361766
9.6 20 153.752281795027 153.769904599611 156.718362641627 156.751258506695
9.7 20 154.020172126961 154.032291360231 157.102496840316 157.135217141848
9.8 20 154.299692073399 154.305943337899 157.500095503712 157.532610334129
9.9 20 154.59130687371 154.591297749395 157.911503123735 157.943778461351
10 20 154.895506259759 154.888813658675 158.337078243923 158.36907555765
10.1 20 155.21280589927 155.198973136693 158.777193347415 158.808869132442
10.2 20 155.543748748595 155.522282336353 159.232234378623 159.263539605894
10.3 20 155.88890400741 155.85927100046 159.70259707945 159.733477071593
10.4 20 156.248868676428 156.210492915703 160.188683225537 160.219077064088
10.5 20 156.624269311218 156.576526804845 160.69089973806 160.720738921643
10.6 20 157.015763025434 156.957977383298 161.209661139054 161.238867853436
10.7 20 157.424043649191 157.355480273668 161.74539609405 161.773881363509
10.8 20 157.849846701522 157.769706922117 162.298556203636 162.326217871748
10.9 20 158.29395322635 158.201367862578 162.869620781457 162.896341719571
11 20 158.757192798033 158.651214711528 163.459100050717 163.484746312164
11.1 20 159.240447021929 159.120042528256 164.067536162326 164.091955042835
11.2 20 159.744653799847 159.60869273337 164.69550264963 164.718520476204
11.3 20 160.270811572434 160.118055967869 165.343602992997 165.365022546064
11.4 20 160.819983202467 160.649074635671 166.012468428992 166.032065961979
11.5 20 161.393299048884 161.202744907596 166.702734450577 166.720261549314
11.6 20 161.991934565749 161.780104982216 167.415036690985 167.43021228587
11.7 20 162.617147752589 162.382246451267 168.150027105711 168.162527818449
11.8 20 163.270278176517 163.010319849805 168.908393749001 168.91784758067
11.9 20 163.952745456806 163.665537742606 169.690851630889 169.696831775615
12 20 164.666051363875 164.349170936402 170.498147273062 170.500165072165
12.1 20 165.411810196832 165.062576968654 171.331103202556 171.328595081286
12.2 20 166.191776397763 165.807221573315 172.190644801129 172.182959076924
12.3 20 167.007858133808 166.584686369762 173.077797580561 173.064182364437
12.4 20 167.862125859946 167.396672050224 173.993676518292 173.973267206165
12.5 20 168.756821630525 168.245001528156 174.939472926316 174.91127825148
12.6 20 169.694366347002 169.131621526183 175.916440245186 175.879326741427
12.7 20 170.677364939226 170.058602215125 176.925762161288 176.878484450926
12.8 20 171.708597781874 171.028134219053 177.968579122937 177.909694873121
12.9 20 172.79078195559 172.042425373243 179.046179739769 178.973990402568
13 20 173.927169405954 173.103851097604 180.160061739393 180.072622067285
13.1 20 175.121198727083 174.214963786555 181.311768612477 181.206852054638
13.2 20 176.376500477748 175.378474846041 182.502926133934 182.377988040408
13.3 20 177.696908864939 176.597196472894 183.735242951123 183.587373998661
13.4 20 179.086803039326 177.874329934843 185.010848885564 184.836685989294
13.5 20 180.550889578008 179.213313381458 186.332120965332 186.127804453221
13.6 20 182.094225005596 180.617781676348 187.701616003482 187.462738806579
13.7 20 183.72226738147 182.091583359684 189.122044460952 188.843590901089
13.8 20 185.440940297364 183.638824858996 190.596238402197 190.272519985485
13.9 20 187.256656281035 185.263883633125 192.126968653552 191.751608645013
14 20 189.17630382168 186.971387260046 193.716939171694 193.282661848583
14.1 20 191.207127746434 188.766187616622 195.369330574684 194.867841425634
14.2 20 193.356674971689 190.653218544323 197.087627338638 196.5095821386
14.3 20 195.633582011135 192.637809644853 198.875437704849 198.210331975522
14.4 20 198.046782998375 194.725651308737 200.736491524132 199.972529066624
14.5 20 200.60543193267 196.922574661536 202.674697765485 201.798662163657
14.6 20 203.318507992844 199.234200977561 204.694142622907 203.691258753482
14.7 20 206.197795758076 201.667922085456 206.80080208196 205.654321446647
14.8 20 209.254276663946 204.230899602531 209.000647428788 207.691936666805
14.9 20 212.499304437263 206.930127379964 211.299548311149 209.808003369834
15 20 215.945117692431 209.772804388876 213.703498168548 212.006376165114
15.1 20 219.60500266344 212.76667369222 216.218435542918 214.290762095301
15.2 20 223.493081747176 215.919897270325 218.850365534796 216.664690240412
15.3 20 227.623952795149 219.240700407034 221.605551242569 219.131835004533
15.4 20 232.012496048971 222.737550061206 224.490250429832 221.695765663344
15.5 20 236.674259798724 226.419058853052 227.510695263624 224.359864289535
15.6 20 241.624542104674 230.293746649756 230.672991006458 227.127289233626
15.7 20 246.87846178882 234.369935965125 233.983150101514 230.001003087476
15.8 20 252.449438103716 238.655165159521 237.447057903003 232.983784669505
15.9 20 258.341769701298 243.153167554 241.070438419979 236.078205362365
16 20 264.57173397986 247.870082119248 244.858788247847 239.2866313827
16.1 20 271.153199716028 252.817004930862 248.827784428345 242.619456787247
16.2 20 278.097283516253 258.001981650829 252.987319896546 246.083936904987
16.3 20 285.418293054649 263.430421254746 257.344004201201 249.684197825309
16.4 20 293.131065150077 269.10908808354 261.902109017955 253.422366099362
16.5 20 301.25001985303 275.044473393917 266.66449779942 257.299387584131
16.6 20 309.78857752739 281.240752472122 271.634414686993 261.315994228952
16.7 20 318.75658613489 287.702255412376 276.814928672722 265.472623534553
16.8 20 328.161374734674 294.432163712529 282.207158796936 269.768639606278
16.9 20 338.006378188925 301.431638391974 287.810918937288 274.202569864948
17 20 348.291805967663 308.69949430875 293.624631563812 278.771587168319
17.1 20 359.009068393418 316.231373783342 299.645280154861 283.47247713468
17.2 20 370.153548836353 324.015863586602 305.86837125727 288.300785788196
17.3 20 381.718294424216 332.044002636256 312.287563466169 293.251912952969
17.4 20 393.742865088213 340.380659376449 318.998767071544 298.387435184487
17.5 20 405.984238986759 348.916596947759 325.898384217087 303.661317424673
17.6 20 418.473112365547 357.634531325491 332.984679202908 309.063204747438
17.7 20 431.245135216201 366.536500798078 340.257857270208 314.588882605207
17.8 20 444.322335180466 375.626222075041 347.714581424796 320.232174150275
17.9 20 457.725858829724 384.904106055494 355.346431364319 325.986949483566
18 20 471.447947682836 394.36442595365 363.13706646666 331.845925970527
18.1 20 485.460893156832 403.994198146802 371.066173622158 337.797250975826
18.2 20 499.72491499615 413.771421039223 379.111147149753 343.827046627924
18.3 20 514.195532269079 423.672785623099 387.251023705936 349.919549815353
18.4 20 528.821400864579 433.669539428282 395.460910437377 356.059606645042
18.5 20 543.555665701066 443.729834821572 403.716194866348 362.23061582618
18.6 20 558.354385618274 453.821388149226 411.982704953263 368.415576959268
18.7 371.865068640718 573.748759548231 464.482815638461 421.112771658711 374.944586495331
18.8 341.486220597336 585.788276068759 474.399169218183 429.471880910505 381.345051497055
18.9 345.625323822265 595.868254468033 483.703097886975 437.38819580665 387.618155670938
19 351.283616395252 605.092573144891 492.714801497508 445.208071642764 393.853314655001
19.1 357.090436533951 613.954838189966 501.584872669827 453.023248118958 400.087305756943
19.2 362.856992037216 622.696948889624 510.390859838812 460.851546236693 406.327643447008
19.3 368.50264710183 631.429266748216 519.16918350666 468.672286976399 412.566277241138
19.4 373.932161796503 640.162446003945 527.912871379132 476.449415106472 418.783297795064
19.5 379.013944106091 648.843673728542 536.577842651639 484.133618248529 424.953019097479
19.6 383.840010499953 657.426728624413 545.136361873344 491.698982544004 431.056144232265
19.7 388.479373176415 665.881514012399 553.565649668754 499.1298285115 437.078940415425
19.8 392.964465026388 674.18442152558 561.847197376962 506.412359756466 443.006368813779
19.9 397.245868209114 682.302439054566 569.960085184433 513.511961801839 448.818624437718
20 401.334116829511 690.226301307785 577.879921866676 520.412431265944 454.500181636144
20.1 724.133837582751 697.722285290408 585.899231870763 527.621726778557 460.265783719007
20.2 739.175787115707 704.676943923293 593.913676218982 535.065808335983 466.13355320784
20.3 751.649889409255 711.000814140011 601.611299041815 542.309993940795 471.953391409964
20.4 763.262890453053 716.704130376022 608.929044088753 549.312656006889 477.675736746685
20.5 774.221031280377 721.869440086732 615.878332460868 556.065087234179 483.271115728319
20.6 784.423223883814 726.558953155897 622.494192362893 562.532194963375 488.712761608389
20.7 793.836044322321 730.809982419779 628.779209438415 568.682428418981 493.975939448582
20.8 802.216063947034 734.598689684872 634.703366908241 574.463706055793 499.032716428551
20.9 809.705708312429 737.89317065892 640.231311911544 579.863508744801 503.868091087164
21 816.448933272398 740.715466151668 645.363047286868 584.895599400862 508.480586204586
21.1 822.434925851633 743.059291842001 650.082080751644 589.555495737682 512.861324644649
21.2 827.682381648202 744.93273986884 654.389805448166 593.841551423773 517.001764751327
21.3 832.217153421174 746.368634961838 658.302043618728 597.759114303186 520.90025651329
21.4 837.218880648048 747.59704370545 661.690019192536 600.97681415075 524.444554593449
21.5 844.698851019212 751.586550279184 665.866618692514 605.333868143209 528.213879820913
21.6 851.022485511442 756.242387726988 670.120087463836 609.7536810994 531.98886175254
21.7 856.368808025941 760.772220037696 674.121796187883 613.957023651289 535.65581539458
21.8 860.946810882491 764.897785924465 677.752734483958 617.87387912506 539.158234890356
21.9 864.741308173137 768.519951626538 680.992743974672 621.457381880943 542.46165998059
22 867.652680406611 771.581358698963 683.81179740556 624.660177859466 545.53748202802
22.1 869.45133660335 774.014089546812 686.176183121063 627.403280086727 548.347799645451
22.2 870.274441713585 775.770107123615 688.042428976576 629.682550361196 550.87666891369
22.3 870.242241543579 776.862307527566 689.40618842822 631.521772249557 553.125439486213
22.4 869.061831700532 777.210296842029 690.195203425899 632.877864833353 555.078331788504
22.5 866.709514413707 776.751937174807 690.369540007713 633.719397622946 556.718697086669
22.6 863.533399643295 775.565636015971 689.993479121788 634.092543558466 558.055522143737
22.7 859.696595833383 773.708064303246 689.104468141275 634.024890390648 559.089618407592
22.8 855.669636034216 771.513057465564 687.885464037273 633.71474790279 559.908291667302
22.9 851.386927477945 769.073222187802 686.40302447929 633.209223952701 560.552424400682
23 846.77427885978 766.380799213082 684.673720644232 632.502769673997 561.032189583595
23.1 841.805010822746 763.397290304564 682.687554295508 631.586553088266 561.348128178884
23.2 836.660097029111 760.150582825908 680.474067482771 630.485967684451 561.508619088905
23.3 831.313882478268 756.657721661284 678.044582593292 629.209419577352 561.518858112546
23.4 825.510829254255 752.867053031195 675.370457637741 627.700621557776 561.359951841156
23.5 819.25867473836 748.740546863524 672.429884582399 625.938423030409 561.018639105358
23.6 812.653766061346 744.282786924348 669.220806149745 623.938426967101 560.496689810437
23.7 805.666461710176 739.486032388676 665.731976437148 621.706162223674 559.796735680414
23.8 797.78660200722 734.197571030967 661.843882246369 619.148855683845 558.887650872216
23.9 789.428912833719 728.435930675905 657.590622379821 616.293062004904 557.76799065101
24 780.859582962464 722.310978630637 653.048361477892 613.205135000934 556.458076449069
24.1 772.203421515773 715.93026651756 648.284674244962 609.945910059666 554.985586237383
24.2 763.505970405282 709.37615365724 643.352947131544 606.559722582031 553.377611965587
24.3 754.776057044867 702.699950003472 638.291604163451 603.072799067568 551.65459768214
24.4 746.008290189309 695.933482257983 633.135113996802 599.501370847576 549.832733776586
24.5 737.229877348905 689.096396462577 627.901664289479 595.859400075486 547.922282203025
24.6 728.477932518659 682.2145247909 622.607505295547 592.163251172473 545.934272288759
24.7 719.756885173155 675.304716333022 617.265402997103 588.421709104266 543.876618171587
24.8 711.04409506053 668.368441705908 611.87931611446 584.63206635682 541.751271005983
24.9 702.350918114553 661.410363439164 606.453982058783 580.797264047005 539.561148150217
25 693.69761740864 654.446841380831 600.99680579411 576.926342485673 537.312275233127
25.1 685.026809193492 647.453405312688 595.491433249924 573.008452249411 535.002706476216
25.2 676.325847824669 640.408846910135 589.926210499612 569.036765787864 532.628923926577
25.3 667.639936800293 633.322249792558 584.308843424676 565.019387610684 530.19331739458
25.4 659.015285185151 626.219975494902 578.657383395926 560.972081933162 527.702977681205
25.5 650.485739617269 619.130673360479 572.992686000968 556.912051809334 525.167953936739
25.6 642.074019711415 612.080292462948 567.334052559809 552.854315731218 522.598881770911
25.7 633.794237222991 605.090619128465 561.699645833951 548.811189368505 520.005608938425
25.8 625.655285975415 598.177055317932 556.105113300618 544.794023518681 517.398111463185
25.9 617.672607710185 591.354744940905 550.562436995663 540.811278091196 514.782694476998
26 609.85683225268 584.636213233374 545.081967897789 536.870770888371 512.165914468539
26.1 602.210724126855 578.029262537199 539.671399239414 532.977295105151 509.552868210603
26.2 594.736378915495 571.539025223736 534.336561486703 529.134166697474 506.947508842171
26.3 587.435938181334 565.171466555983 529.082072801228 525.344755422042 504.353965866769
26.4 580.310412976217 558.928259358036 523.909274137623 521.61201401414 501.775603021277
26.5 573.350648425889 552.80344415873 518.814951838806 517.933806509998 499.212733738031
26.6 566.551695801338 546.792918803233 513.798617367366 514.309353949797 496.666015334429
26.7 559.914914065261 540.896421800466 508.861268604419 510.73919924636 494.136420302619
26.8 553.443692048332 535.116544611334 504.005429636875 507.225375315116 491.625693685251
26.9 547.141109497039 529.457018921607 499.234446071625 503.770575916687 489.136287903696
27 541.009272740807 523.92156075853 494.551875454767 500.377503095547 486.670963699303
27.1 535.049283373993 518.513484444116 489.961214844149 497.048795214314 484.232526501172
27.2 529.261592710762 513.235411025047 485.465498184811 493.786760732265 481.823679736107
27.3 523.646111046683 508.089369625053 481.067279202494 490.59297233474 479.446738221672
27.4 518.201865970601 503.076594938359 476.768496039554 487.468673631791 477.103745260767
27.5 512.926929686561 498.197426926149 472.57051285702 484.41457605504 474.796361745784
27.6 507.818844784008 493.45152932385 468.474020926798 481.430966026514 472.525895104692
27.7 502.874707804647 488.837199552827 464.478842809905 478.51812253298 470.293520352279
27.8 498.089988382901 484.351239056869 460.583040588565 475.675256007485 468.099809828479
27.9 493.459773421027 479.991258549958 456.785242932211 472.900980632083 465.944816154721
28 488.979447451079 475.754503342935 453.083817088579 470.194025069368 463.828478997826
28.1 484.644767784316 471.638287321255 449.477239748187 467.553003881587 461.750570299686
28.2 480.451785054122 467.64011672924 445.964007835983 464.976674550261 459.710869020922
28.3 476.396718556819 463.757934814741 442.542411699322 462.463926317879 457.709218176556
28.4 472.475806612597 459.989214630434 439.211052791666 460.013705908608 455.745500793111
28.5 468.685327238376 456.33153477324 435.968410734469 457.62500036592 453.819622778314
28.6 465.021609998249 452.782584307509 432.813060752905 455.296798107002 451.931483362791
28.7 461.481074123518 449.340152613192 429.74381274255 453.028080261797 450.080957631833
28.8 458.060069961645 446.001933724006 426.759062985482 450.81777715522 448.267869189867
28.9 454.754958957425 442.765640082193 423.857468391802 448.664765332611 446.491975217733
29 451.562185176954 439.629427368122 421.03761360885 446.567888649817 444.752972158411
29.1 448.477965971859 436.590238864639 418.297469933592 444.525912881175 443.050487186691
29.2 445.498330580572 433.644858912535 415.634810527095 442.537444953432 441.384016159751
29.3 442.619340707224 430.790276647637 413.047604710395 440.601009109482 439.75294830832
29.4 439.837161144357 428.023603215791 410.533662975719 438.715101304782 438.156603803469
29.5 437.148008987518 425.341867934866 408.090941920229 436.87819950654 436.594250403178
29.6 434.548408462788 422.74259699521 405.717402184324 435.088826587094 435.06513950135
29.7 432.03495264209 420.223176773895 403.41075088586 433.345539470322 433.568520721415
29.8 429.604412953758 417.780845269696 401.168858398815 431.646997731068 432.103675612243
29.9 427.253195161521 415.412502726484 398.989687527333 429.991757523887 430.66985595733
30 424.978072463289 413.11548589314 396.871291675611 428.378461075931 429.266333937451
30.1 422.776054656662 410.887391122635 394.811992402125 426.805817428809 427.892405238281
30.2 420.644269001913 408.725903389167 392.809945374751 425.272582184282 426.547381786761
30.3 418.579989434401 406.628895258368 390.863508303091 423.777535976775 425.23059101325
30.4 416.580635698049 404.594615731214 388.971043609679 422.319505604012 423.941366287932
30.5 414.643662627321 402.620886607916 387.130846439764 420.897345490249 422.679052808308
30.6 412.766504536785 400.705185956557 385.341139515764 419.509903311947 421.442972438312
30.7 410.946687829341 398.84529125316 383.600268782697 418.156038678188 420.232444402525
30.8 409.181900563421 397.039280270552 381.906633564012 416.834643198975 419.046785473051
30.9 407.469845065028 395.285081829199 380.258625106678 415.544627820362 417.885317591959
31 405.808404620924 393.58093164074 378.654658160861 414.284944188159 416.747375534447
31.1 404.19549512576 391.925020367559 377.09324314504 413.054563906434 415.632295746893
31.2 402.62944233045 390.315532827623 375.572732988983 411.852559665634 414.539450014783
31.3 401.108037481339 388.750426672978 374.091799484506 410.677945758917 413.468198192433
31.4 399.629316885638 387.228034467057 372.649147736745 409.529739560954 412.417900000338
31.5 398.19150480385 385.746777734671 371.243482786975 408.407026299436 411.387942347417
31.6 396.79289329008 384.305125012457 369.873571443067 407.308989181368 410.377772839809
31.7 395.431872896095 382.901616029446 368.538189524025 406.234803908014 409.386850850056
31.8 394.106995460442 381.534909097436 367.236175155879 405.183675448209 408.414625115667
31.9 392.816819500576 380.203682109838 365.966406279375 404.154807284375 407.460561612114
32 391.559999012183 378.90663190188 364.727851085554 403.147450623118 406.524138946849
32.1 390.335224050621 377.642519251892 363.519489267081 402.16086373921 405.60485150918
32.2 389.141230421625 376.410149255149 362.340292234447 401.194339740689 404.702190133245
32.3 387.976819371765 375.208367614947 361.189291118313 400.24722088448 403.815657289844
32.4 386.840839658947 374.036053718483 360.065527533751 399.318870634641 402.944779243712
32.5 385.732188095503 372.892126557147 358.968066718314 398.408673739069 402.089093877129
32.6 384.649803269397 371.775477519893 357.896002519999 397.516029107469 401.248147668152
32.7 383.592675607985 370.68508008315 356.848473416775 396.640365246959 400.421520283601
32.8 382.559849938976 369.620101203453 355.824686736551 395.781127992303 399.608794115496
32.9 381.550415121389 368.579667534523 354.82386522039 394.937781293065 398.809569688948
33 380.563500580961 367.562922801563 353.845256312134 394.109809688956 398.023453513688
33.1 379.598274893404 366.569040603555 352.888131911843 393.296719137304 397.250066733338
33.2 378.653891763394 365.597199111722 351.951782251951 392.498052265816 396.489065982852
33.3 377.72956359658 364.646611707852 351.035519822373 391.713350669902 395.740109598808
33.4 376.824617697238 363.716568030461 350.138699800263 390.942176993281 395.002853288321
33.5 375.938344750442 362.8063671535 349.260699400805 390.184056548956 394.276966788878
33.6 375.070110363287 361.915343365896 348.400918114173 389.438609990027 393.562119032383
33.7 374.219289753452 361.042854024321 347.5587769449 388.705437981875 392.858003218447
33.8 373.385261333166 360.188271365992 346.733714160655 387.984115841123 392.164303692607
33.9 372.567453415586 359.350995216746 345.925186018248 387.27431525939 391.480730125449
34 371.765305803635 358.530446405649 345.132668526801 386.575675941829 390.806981724309
34.1 370.97829013306 357.726065879171 344.355654315611 385.887878966206 390.142794576414
34.2 370.205894029815 356.937325304834 343.593658418403 385.210598167564 389.487896783808
34.3 369.447630327286 356.16371732266 342.846214621882 384.543521164025 388.842027218851
34.4 368.703031269525 355.404753629169 342.112874097358 383.886346283576 388.204944439703
34.5 367.971647028989 354.659963947915 341.393204226438 383.238781665677 387.576405300082
34.6 367.253048851933 353.928896684863 340.68678833648 382.600547139241 386.956183390687
34.7 366.546826108601 353.211117857891 339.993224837255 381.971374009095 386.344055040308
34.8 365.852578026392 352.506205432548 339.312125332228 381.350991932194 385.739802542751
34.9 365.169925558047 351.813756773751 338.643116358793 380.73915308737 385.143219016903
35 364.498505839987 351.133386800545 337.985838760839 380.135615297633 384.554102370885
35.1 363.837968794677 350.464724335982 337.339946253686 379.540134363755 383.972251547619
35.2 363.187980910412 349.807413112759 336.705105218827 378.952487433866 383.397475638577
35.3 362.548221549482 349.1611102118 336.080993643554 378.372466334295 382.829595392607
35.4 361.918379047788 348.525483850888 335.467300257208 377.799855531072 382.26841767522
35.5 361.298156237088 347.900214587088 334.863724318225 377.234455618071 381.713777719015
35.6 360.687266052361 347.284994942324 334.269975621379 376.676072074769 381.165509516028
35.7 360.085433924826 346.679529517713 333.685774420526 376.124516430265 380.623453479608
35.8 359.492394802844 346.083533684582 333.110850851705 375.579606041832 380.087453635467
35.9 358.907893586568 345.496733115009 332.544944494534 375.041164458273 379.557357642711
36 358.3316849863 344.918863538431 331.987804046228 374.509020954349 379.033017928796
36.1 357.763531878015 344.349669970631 331.439186806299 373.983009627508 378.5142909783
36.2 357.203205649101 343.788906462191 330.898858400075 373.462969947851 378.001037784272
36.3 356.650486394495 343.236335942158 330.366592548954 372.948746996491 377.493123702411
36.4 356.105161730068 342.691729208266 329.842170413467 372.440190258837 376.990417679517
36.5 355.567027104238 342.154865457828 329.325380624596 371.937154684109 376.492792682471
36.6 355.035885215848 341.62553159728 328.816018910441 371.439499668652 376.000125967908
36.7 354.511546242061 341.103522107761 328.313887866663 370.947089259654 375.512298225372
36.8 353.993827005302 340.588638621087 327.818796671871 370.459791588771 375.029193472976
36.9 353.482550494454 340.080689494642 327.330560741025 369.977479601376 374.550699592058
37 352.977545793096 339.579489552295 326.849001493006 369.500029929319 374.076707349041
37.1 352.478647807556 339.084859876517 326.373946158116 369.027323047314 373.607110758543
37.2 351.985696970322 338.596627553425 325.905227571261 368.559243252135 373.141807172503
37.3 351.498539356517 338.114625586655 325.4426840321 368.095678810046 372.680697374642
37.4 351.017026134748 337.638692556375 324.986159082305 367.636521073675 372.223684403896
37.5 350.541013463511 337.168672413675 324.535501312017 367.181664831012 371.770674413464
37.6 350.070362310453 336.704414281503 324.090564182821 366.731008061957 371.321576091583
37.7 349.60493814671 336.245772227371 323.651205837666 366.284451763674 370.876300804881
37.8 349.144610790063 335.792605051211 323.217288913702 365.841899854514 370.434762290918
37.9 348.68925431659 335.3447761141 322.788680363675 365.403259209598 369.996876965777
38 348.238746727558 334.902153119688 322.365251275184 364.968439328347 369.562563335227
38.1 347.792969763341 334.464607921217 321.946876699043 364.537352226845 369.131742082742
38.2 347.351808842368 334.03201637281 321.533435500028 364.109912454111 368.704336021627
38.3 346.915153033244 333.604258220219 321.124810232076 363.68603706942 368.280270107369
38.4 346.482894958811 333.181216987261 320.720887022544 363.265645594412 367.859471443176
38.5 346.054930614521 332.762779832409 320.321555448473 362.848659927697 367.441869184228
38.6 345.631159247684 332.348837420712 319.926708420521 362.435004267891 367.027394509361
38.7 345.211483266746 331.939283813032 319.536242077349 362.024605065044 366.615980586844
38.8 344.79580807145 331.534016329865 319.150055672304 361.617390904717 366.207562433815
38.9 344.384041965186 331.132935445848 318.768051472748 361.213292467085 365.802076904123
39 343.976096038517 330.735944672097 318.390134658086 360.812242402449 365.399462559097
39.1 343.571884063138 330.342950445177 318.016213220699 360.414175264873 364.999659623991
39.2 343.171322407359 329.953862027237 317.646197871831 360.019027469833 364.602609963422
39.3 342.774329932586 329.568591400967 317.28000194603 359.626737222116 364.208257021896
39.4 342.38082789889 329.18705316473 316.917541305202 359.237244445218 363.816545751648
39.5 341.990739898103 328.809164445361 316.558734250351 358.850490758925 363.427422621541
39.6 341.603991774418 328.434844812742 316.203501438558 358.466419423191 363.040835552673
39.7 341.220511510288 328.064016180324 315.851765795675 358.084975246657 362.656733847321
39.8 340.84022912326 327.696602707079 315.503452430056 357.706104509401 362.27506810883
39.9 340.463076600535 327.332530715196 315.158488554385 357.329754918869 361.895790202873
40 340.088987847626 326.971728619934 314.81680341566 356.955875577311 361.518853223378
40.1 339.717898554323 326.614126769967 314.478328143315 356.584416895646 361.144211431134
40.2 339.349746081825 326.259657292555 314.142995589216 356.215330494147 360.771820167735
40.3 338.984469319754 325.908253927727 313.810740148714 355.84856909572 360.401635763588
40.4 338.622008524577 325.559851848287 313.481497570069 355.484086398635 360.033615417951
40.5 338.262305138416 325.214387468718 313.155204758711 355.121836921228 359.667717043648
40.6 337.905301603316 324.871798252425 312.831799584009 354.761775832316 359.303899099462
40.7 337.5509411759 324.53202252581 312.511220695855 354.403858778385 358.942120417145
40.8 337.199167745676 324.19499930279 312.193407355353 354.048041709523 358.582340025257
40.9 336.849925667759 323.860668125348 311.878299283382 353.694280716587 358.224516986347
41 336.503159611876 323.528968922434 311.565836529213 353.342531878588 357.868610242269
41.1 336.158814433338 323.199841891509 311.255959361794 352.992751131751 357.514578484007
41.2 335.81683506199 322.873227400866 310.948608183228 352.644894153201 357.162380034487
41.3 335.477166409265 322.54906591193 310.643723463442 352.298916262118 356.811972750408
41.4 335.139753289533 322.22729791878 310.341245693884 351.954772334018 356.463313935957
41.5 334.804540358121 321.907863904527 310.041115358822 351.612416732264 356.116360273928
41.6 334.471472070854 321.590704316188 309.743272924037 351.27180326246 355.771067778697
41.7 334.140492663325 321.275759556962 309.447658841658 350.932885146739 355.427391769445
41.8 333.811546149716 320.962969995167 309.154213569833 350.595615019936 355.085286867403
41.9 333.484576340685 320.652275989117 308.862877606044 350.259944947779 354.744707017508
42 333.159526876455 320.34361792549 308.57359153218 349.925826462711 354.405605528319
42.1 332.836341270748 320.036936267979 308.286296068988 349.593210611227 354.06793512245
42.2 332.514962964379 319.732171614442 308.00093213802 349.262048012404 353.731647998198
42.3 332.195335386084 319.429264760514 307.717440929236 348.932288924828 353.396695899092
42.4 331.877402019049 319.128156768014 307.435763972644 348.603883320027 353.063030189799
42.5 331.561106472249 318.828789037099 307.155843212784 348.276780961847 352.730601938038
42.6 331.246392555519 318.531103380843 306.877621084778 347.950931490208 352.399362000847
42.7 330.933204358219 318.23504210155 306.601040591025 347.626284509529 352.069261116184
42.8 330.621486331073 317.940548068125 306.326045377703 347.302789681247 351.740249999087
42.9 330.311183369935 317.647564793661 306.052579810296 346.980396819151 351.412279440982
43 330.002240898857 317.356036511659 305.780589047067 346.659055984477 351.085300408779
43.1 329.694604951466 317.065908249834 305.510019109569 346.338717579708 350.75926414248
43.2 329.388222250465 316.77712590107 305.240816949692 346.019332440766 350.434122251002
43.3 329.083040284899 316.489636291167 304.972930512858 345.700851927189 350.109826806006
43.4 328.779007384964 316.203387243138 304.706308797103 345.383228010168 349.786330434036
43.5 328.476072793817 315.918327637715 304.440901907788 345.066413357916 349.463586406326
43.6 328.174186735396 315.634407469507 304.176661107624 344.750361417222 349.141548724863
43.7 327.873300477401 315.351577898286 303.913538861672 344.435026490118 348.820172203442
43.8 327.573366388738 315.069791294922 303.651488877089 344.120363804794 348.499412542702
43.9 327.274337990965 314.789001281697 303.390466137416 343.806329580132 348.179226398543
44 326.976170003391 314.509162766767 303.130426931338 343.492881083431 347.859571443416
44.1 326.678818381735 314.230231972729 302.871328875892 343.179976681154 347.540406420409
44.2 326.382240350688 313.952166459469 302.613130934277 342.867575883081 347.221691190578
44.3 326.086394430895 313.674925141634 302.355793428507 342.555639380379 346.903386774065
44.4 325.791240460879 313.398468301201 302.09927804728 342.244129078135 346.585455385576
44.5 325.496739614315 313.122757595553 301.843547849439 341.933008122801 346.267860464721
44.6 325.202854412928 312.847756061422 301.588567263375 341.622240924822 345.95056670147
44.7 324.909548735163 312.573428114944 301.334302082685 341.311793176594 345.633540056831
44.8 324.616787820703 312.299739548043 301.080719458332 341.001631865774 345.31674777871
44.9 324.32453827089 312.026657521255 300.827787887524 340.691725283946 345.000158412924
45 324.032768045125 311.75415055317 300.575477199525 340.382043030702 344.683741809377
45.1 323.741446453453 311.482188506678 300.323758538593 340.072556013326 344.367469123602
45.2 323.450544145657 311.210742572296 300.072604344327 339.763236442459 344.051312814105
45.3 323.160033097267 310.939785248897 299.821988329673 339.454057824208 343.735246636
45.4 322.869886592835 310.669290322162 299.571885456898 339.144994949099 343.419245631377
45.5 322.580079206832 310.39923284107 299.322271911798 338.836023878258 343.103286116775
45.6 322.290586782431 310.129589092675 299.073125076402 338.527121927119 342.787345668063
45.7 322.001386408423 309.860336575432 298.8244235004 338.218267646912 342.471403102998
45.8 321.712456394507 309.591453971281 298.576146871531 337.909440804216 342.155438461717
45.9 321.423776245196 309.322921116706 298.328275985103 337.600622358793 341.839432985422
46 321.135326632532 309.054718972966 298.080792712869 337.291794439968 341.523369093503
46.1 320.847089367843 308.78682959567 297.833679971396 336.982940321761 341.207230359324
46.2 320.559047372718 308.519236103888 297.586921690121 336.674044396984 340.891001484895
46.3 320.27118464938 308.251922648932 297.34050277921 336.365092150497 340.574668274619
46.4 319.983486250617 307.984874382954 297.094409097381 336.056070131788 340.258217608293
46.5 319.695938249409 307.718077427496 296.84862741979 335.746965927028 339.941637413515
46.6 319.408527708373 307.451518842083 296.603145406093 335.437768130737 339.624916637639
46.7 319.121242649143 307.185186592974 296.357951568774 335.128466317182 339.308045219388
46.8 318.834072021762 306.919069522135 296.113035241827 334.819051011594 338.991014060238
46.9 318.547005674192 306.653157316519 295.868386549843 334.5095136613 338.673814995659
47 318.260034321984 306.387440477707 295.623996377582 334.199846606854 338.356440766288
47.1 317.973149518201 306.121910291961 295.379856340062 333.890043053224 338.038884989122
47.2 317.686343623623 305.856558800737 295.135958753211 333.5800970411 337.721142128771
47.3 317.399609777307 305.59137877169 294.89229660513 333.270003418386 337.403207468864
47.4 317.112941867529 305.326363670209 294.648863527967 332.95975781192 337.085077083624
47.5 316.826334503155 305.06150763151 294.405653770457 332.649356599468 336.766747809696
47.6 316.539782985485 304.796805433306 294.162662171121 332.338796882044 336.448217218259
47.7 316.253283280584 304.532252469072 293.919884132157 332.028076456579 336.129483587459
47.8 315.966831992145 304.267844721933 293.677315594022 331.717193788994 335.810545875214
47.9 315.680426334896 304.003578739174 293.434953010714 331.406147987688 335.491403692418
48 315.394064108588 303.739451607391 293.192793325765 331.094938777481 335.172057276573
48.1 315.10774367255 303.475460928288 292.950833948942 330.783566474034 334.852507465882
48.2 314.821463920867 303.211604795123 292.709072733653 330.472031958758 334.532755673818
48.3 314.535224258149 302.947881769808 292.46750795506 330.160336654246 334.212803864188
48.4 314.24902457593 302.68429086066 292.226138288894 329.848482500216 333.892654526722
48.5 313.962865229686 302.420831500802 291.984962790957 329.536471930005 333.572310653177
48.6 313.676747016474 302.157503527215 291.743980877314 329.224307847599 333.251775713986
48.7 313.390671153204 301.894307160427 291.50319230516 328.911993605219 332.931053635447
48.8 313.104639255527 301.631242984837 291.262597154348 328.59953298146 332.610148777466
48.9 312.818653317342 301.368311929666 291.022195809572 328.286930159985 332.289065911848
49 312.532715690922 301.105515250532 290.781988943184 327.974189708782 331.967810201148
49.1 312.246829067643 300.842854511615 290.541977498648 327.661316559971 331.646387178074
49.2 311.960996459314 300.580331568441 290.302162674592 327.348315990168 331.324802725438
49.3 311.675221180101 300.317948551232 290.062545909467 327.035193601403 331.003063056671
49.4 311.389506829029 300.055707848843 289.823128866787 326.721955302574 330.681174696873
49.5 311.103857273061 299.793612093253 289.583913420929 326.408607291457 330.359144464414
49.6 310.818276630741 299.531664144607 289.344901643497 326.095156037237 330.036979453069
49.7 310.532769256382 299.269867076796 289.106095790216 325.781608263579 329.714687014691
49.8 310.247339724802 299.008224163563 288.867498288347 325.46797093222 329.392274742403
49.9 309.961992816592 298.746738865112 288.629111724613 325.154251227071 329.069750454323
50 309.676733503897 298.485414815227 288.390938833618 324.840456538831 328.747122177789
50.1 309.391566936707 298.224255808867 288.152982486737 324.526594450109 328.424398134102
50.2 309.106498429651 297.963265790245 287.915245681476 324.212672721023 328.101586723761
50.3 308.82153344927 297.702448841354 287.677731531277 323.898699275299 327.778696512193
50.4 308.536677601766 297.44180917096 287.440443255757 323.584682186837 327.455736215966
50.5 308.251936621218 297.181351104015 287.203384171368 323.270629666749 327.132714689478
50.6 307.967316358244 296.921079071506 286.966557682469 322.956550050855 326.809640912112
50.7 307.682822769111 296.660997600712 286.729967272786 322.642451787632 326.486523975851
50.8 307.39846190527 296.401111305865 286.493616497251 322.328343426601 326.163373073348
50.9 307.11423990331 296.141424879196 286.257508974221 322.014233607153 325.840197486428
51 306.830162975329 295.881943082368 286.021648378042 321.700131047791 325.517006575033
51.1 306.546237399691 295.622670738273 285.78603843196 321.386044535798 325.193809766589
51.2 306.262469512177 295.36361272318 285.550682901367 321.071982917303 324.870616545783
51.3 305.978865697516 295.104773959243 285.315585587367 320.757955087747 324.547436444758
51.4 305.695432381271 294.846159407328 285.080750320652 320.443969982742 324.224279033695
51.5 305.412176022098 294.587774060184 284.846180955673 320.130036569301 323.901153911792
51.6 305.129103104337 294.329622935912 284.611881365105 319.816163837444 323.578070698617
51.7 304.846220130945 294.071711071753 284.377855434592 319.502360792169 323.255039025836
51.8 304.56353361676 293.814043518167 284.14410705775 319.188636445761 322.9320685293
51.9 304.281050082075 293.556625333196 283.910640131437 318.874999810466 322.609168841491
52 303.998776046521 293.299461577111 283.677458551276 318.561459891477 322.286349584302
52.1 303.716718023256 293.042557307322 283.444566207404 318.248025680263 321.963620362161
52.2 303.434882513432 292.785917573549 283.211966980464 317.934706148203 321.640990755473
52.3 303.153276000947 292.529547413243 282.979664737817 317.621510240538 321.318470314387
52.4 302.871904947473 292.273451847254 282.747663329963 317.30844687061 320.996068552869
52.5 302.590775787737 292.017635875725 282.515966587176 316.995524914404 320.673794943064
52.6 302.309894925065 291.762104474218 282.284578316327 316.682753205361 320.351658909969
52.7 302.029268727161 291.506862590056 282.053502297907 316.370140529474 320.029669826365
52.8 301.748903522134 291.251915138872 281.822742283224 316.057695620639 319.707837008042
52.9 301.468805594748 290.997267001369 281.592301991783 315.745427156272 319.386169709274
53 301.188981182892 290.742923020263 281.362185108831 315.433343753169 319.064677118563
53.1 300.909436474266 290.488887997426 281.132395283061 315.121453963605 318.743368354621
53.2 300.630177603274 290.235166691201 280.902936124473 314.809766271672 318.422252462596
53.3 300.351210648109 289.981763813893 280.67381120239 314.498289089834 318.101338410534
53.4 300.072541628034 289.728684029432 280.445024043603 314.187030755706 317.780635086058
53.5 299.794176500846 289.475931951191 280.216578130667 313.875999529034 317.460151293267
53.6 299.516121160514 289.223512139961 279.988476900315 313.565203588884 317.139895749846
53.7 299.238381434991 288.971429102073 279.760723742007 313.254651031023 316.819877084373
53.8 298.960963084184 288.719687287664 279.533321996591 312.944349865488 316.500103833823
53.9 298.683871798086 288.468291089079 279.306274955083 312.634308014333 316.180584441253
54 298.407113195055 288.217244839402 279.079585857555 312.324533309551 315.861327253679
54.1 298.130692820238 287.966552811113 278.853257892127 312.015033491165 315.542340520108
54.2 297.854616144134 287.716219214868 278.627294194057 311.705816205477 315.223632389756
54.3 297.578888561288 287.466248198387 278.401697844928 311.396889003469 314.905210910404
54.4 297.303515389115 287.216643845461 278.176471871924 311.088259339358 314.587084026928
54.5 297.028501866842 286.967410175052 277.951619247198 310.779934569284 314.269259579957
54.6 296.753853154567 286.718551140506 277.72714288731 310.471921950143 313.951745304688
54.7 296.47957433243 286.470070628849 277.503045652752 310.164228638541 313.634548829821
54.8 296.205670399885 286.221972460186 277.27933034755 309.85686168988 313.317677676633
54.9 295.932146275086 285.974260387173 277.055999718927 309.549828057557 313.001139258171
55 295.659006794348 285.726938094589 276.833056457038 309.243134592277 312.684940878562
55.1 295.386256711721 285.480009198968 276.61050319477 308.936788041484 312.369089732438
55.2 295.113900698639 285.23347724832 276.388342507601 308.630795048879 312.053592904467
55.3 294.841943343652 284.987345721915 276.166576913512 308.325162154049 311.738457368984
55.4 294.570389152244 284.741618030138 275.94520887296 308.019895792188 311.423689989725
55.5 294.29924254672 284.496297514408 275.724240788895 307.715002293904 311.109297519644
55.6 294.028507866164 284.251387447154 275.503675006831 307.41048788511 310.795286600829
55.7 293.758189366467 284.006891031851 275.28351381496 307.106358687003 310.481663764496
55.8 293.488291220421 283.762811403113 275.063759444305 306.802620716113 310.16843543106
55.9 293.218817517861 283.519151626828 274.844414068922 306.499279884424 309.855607910286
56 292.949772265884 283.275914700355 274.625479806132 306.196341999572 309.543187401512
56.1 292.681159389101 283.033103552752 274.406958716791 305.893812765096 309.231179993933
56.2 292.412982729953 282.79072104506 274.188852805595 305.591697780763 308.919591666956
56.3 292.145246049073 282.548769970614 273.971164021418 305.290002542943 308.60842829061
56.4 291.877953025687 282.307253055408 273.75389425767 304.988732445039 308.297695626016
56.5 291.61110725806 282.066172958478 273.537045352695 304.687892777975 307.987399325911
56.6 291.344712263988 281.825532272332 273.320619090185 304.387488730722 307.677544935217
56.7 291.078771481316 281.585333523406 273.104617199624 304.087525390885 307.368137891664
56.8 290.813288268495 281.345579172548 272.889041356747 303.788007745314 307.059183526454
56.9 290.548265905178 281.106271615527 272.673893184027 303.488940680774 306.750687064965
57 290.283707592833 280.867413183577 272.459174251176 303.190328984635 306.442653627498
57.1 290.019616455396 280.629006143951 272.244886075666 302.892177345611 306.135088230056
57.2 289.755995539939 280.391052700507 272.03103012326 302.594490354524 305.827995785159
57.3 289.492847817376 280.153554994311 271.81760780857 302.297272505098 305.521381102691
57.4 289.230176183173 279.916515104252 271.604620495615 302.000528194788 305.215248890771
57.5 288.967983458095 279.679935047685 271.392069498396 301.704261725626 304.909603756659
57.6 288.706272388959 279.443816781081 271.17995608149 301.408477305096 304.604450207681
57.7 288.445045649414 279.208162200693 270.968281460638 301.113179047029 304.299792652176
57.8 288.184305840727 278.972973143238 270.757046803354 300.818370972522 303.995635400466
57.9 287.924055492592 278.738251386582 270.546253229539 300.524057010871 303.691982665847
58 287.664297063941 278.503998650448 270.3359018121 300.230241000519 303.388838565593
58.1 287.40503294378 278.270216597121 270.125993577577 299.936926690029 303.086207121978
58.2 287.146265452017 278.036906832165 269.91652950677 299.644117739055 302.78409226331
58.3 286.887996840317 277.804070905153 269.70751053538 299.351817719344 302.482497824981
58.4 286.630229292952 277.571710310392 269.498937554643 299.060030115727 302.181427550523
58.5 286.372964927662 277.339826487664 269.290811411974 298.768758327142 301.880885092678
58.6 286.11620579652 277.108420822959 269.083132911609 298.478005667646 301.580874014473
58.7 285.859953886804 276.877494649227 268.875902815252 298.187775367444 301.281397790306
58.8 285.604211121867 276.647049247116 268.669121842718 297.898070573926 300.982459807031
58.9 285.348979362018 276.417085845725 268.46279067258 297.608894352695 300.684063365058
59 285.094260405393 276.18760562335 268.256909942816 297.320249688618 300.386211679445
59.1 284.840055988842 275.958609708231 268.051480251452 297.032139486863 300.088907881001
59.2 284.5863677888 275.730099179307 267.846502157206 296.744566573946 299.792155017389
59.3 284.33319742217 275.502075066961 267.641976180129 296.457533698779 299.495956054226
59.4 284.080546447198 275.274538353761 267.437902802246 296.171043533713 299.200313876188
59.5 283.828416364348 275.047489975217 267.234282468189 295.885098675589 298.905231288113
59.6 283.576808617178 274.820930820512 267.031115585837 295.599701646775 298.610711016097
59.7 283.325724593205 274.594861733248 266.828402526941 295.314854896215 298.316755708595
59.8 283.075165624775 274.369283512181 266.626143627751 295.030560800463 298.023367937518
59.9 282.825132989924 274.144196911951 266.424339189643 294.746821664723 297.730550199319
60 282.575627913235 273.919602643817 266.222989479732 294.46363972388 297.438304916083
