0.1 20 149.883927297854 149.94037116389 149.949127960081 149.971945891902
0.2 20 149.810128184646 149.886048017867 149.91420514119 149.943812101823
0.3 20 149.753443266616 149.838663003582 149.884587034757 149.916551278153
0.4 20 149.706041496403 149.796621675782 149.856952183418 149.889813562614
0.5 20 149.664483698381 149.758542936268 149.830112633296 149.863331821824
0.6 20 149.626965163951 149.723466905676 149.803609178678 149.836973974461
0.7 20 149.592420067627 149.690731662927 149.777256992014 149.810680756138
0.8 20 149.560163469907 149.659868290855 149.750980376889 149.784426672761
0.9 20 149.529726907153 149.630534254809 149.72474887241 149.758201849718
1 20 149.500774726659 149.602472520059 149.698551874342 149.732004321729
1.1 20 149.473058016493 149.575486080104 149.672388500844 149.705836940176
1.2 20 149.446387595576 149.54942163941 149.64626362052 149.679706255876
1.3 20 149.420617335573 149.524158832786 149.620186403501 149.653622242729
1.4 20 149.395633392254 149.499602879749 149.594169913014 149.627598378204
1.5 20 149.371346971788 149.475679429643 149.56823112368 149.601651869942
1.6 20 149.347689295726 149.452330843348 149.54239110698 149.575803932851
1.7 20 149.324607982605 149.429513442736 149.516675270771 149.55008007084
1.8 20 149.302064372303 149.407195428884 149.491113601792 149.524510340001
1.9 20 149.280031496762 149.385355273357 149.465740887423 149.499129581231
2 20 149.258492506011 149.363980451307 149.440596905606 149.473977616311
2.1 20 149.237439422781 149.343066426209 149.415726578165 149.449099404936
2.2 20 149.216872139358 149.322615822919 149.391180085996 149.424545162262
2.3 20 149.196797596379 149.30263774373 149.367012946318 149.400370437712
2.4 20 149.177229100455 149.283147194361 149.343286053102 149.376636156436
2.5 20 149.158185749262 149.264164595456 149.320065682175 149.353408625119
2.6 20 149.139691940806 149.245715361288 149.297423462706 149.330759503925
2.7 20 149.121776949495 149.227829531884 149.275436317042 149.308765746638
2.8 20 149.104474556043 149.210541448331 149.254186371566 149.287509511692
2.9 20 149.087822721656 149.193889463736 149.233760842257 149.267078047812
3 20 149.071863299538 149.177915684484 149.21425189975 149.247563559077
3.1 20 149.05664177871 149.162665738017 149.195756519367 149.229063054924
3.2 20 149.042207056426 149.148188564435 149.178376321715 149.211678190708
3.3 20 149.028611236356 149.134536229894 149.162217408825 149.195515103805
3.4 20 149.015909450107 149.121763760065 149.14739019958 149.180684249033
3.5 20 149.004159699842 149.109928991988 149.13400926662 149.167300235583
3.6 20 148.993422719742 149.099092442563 149.122193175248 149.155481665967
3.7 20 148.98376185401 149.089317191788 149.112064323496 149.14535097613
3.8 20 148.975242949176 149.080668778856 149.103748781487 149.137034274846
3.9 20 148.967934258583 149.073215109269 149.097376127767 149.130661180053
4 20 148.961906357142 149.067026371301 149.09307928015 149.126364649643
4.1 20 148.957232065112 149.062174960712 149.090994320873 149.124280806476
4.2 20 148.953986381144 149.058735414013 149.091260319923 149.124548761439
4.3 20 148.95224642626 149.056784351917 149.094019164107 149.127310442159
4.4 20 148.95209140123 149.056400435405 149.099415400932 149.132710436544
4.5 20 148.953602559579 149.057664336659 149.107596104715 149.140895858682
4.6 20 148.95686319731 149.060658726046 149.118710768627 149.152016240865
4.7 20 148.961958658884 149.065468274846 149.132911221831 149.166223450897
4.8 20 148.968976357336 149.072179671805 149.15035156684 149.183671629685
4.9 20 148.978005805264 149.08088165045 149.171188129319 149.204517141246
5 20 148.989138653063 149.091665023685 149.195579410995 149.228918525681
5.1 20 149.002468731092 149.104622722417 149.223686036729 149.257036446116
5.2 20 149.018092092715 149.119849835267 149.255670688449 149.289033622377
5.3 20 149.036107054634 149.137443645929 149.291698020797 149.325074746303
5.4 20 149.056614235631 149.157503668914 149.331934564263 149.365326384269
5.5 20 149.079716600604 149.180131689971 149.376548633436 149.40995688443
5.6 20 149.105519519598 149.205431820323 149.425710260253 149.459136308921
5.7 20 149.134130850436 149.233510573108 149.479591168003 149.513036407139
5.8 20 149.165661049562 149.264476966717 149.538364792951 149.571830637089
5.9 20 149.200223309939 149.29844265428 149.602206350848 149.635694231939
6 20 149.237933719514 149.33552207339 149.671292934506 149.704804297669
6.1 20 149.278911430546 149.375832606876 149.745803624055 149.779339923307
6.2 20 149.323278829968 149.419494745149 149.825919591164 149.859482285157
6.3 20 149.37116170338 149.466632242722 149.911824179141 149.945414726947
6.4 20 149.422689386372 149.517372262844 150.003702944089 150.037322800863
6.5 20 149.477994893848 149.571845501692 150.101743646916 150.135394259052
6.6 20 149.537215023183 149.630186287028 150.206136190357 150.239818989741
6.7 20 149.600490449113 149.692532666889 150.317072522646 150.350788919378
6.8 20 149.667965845231 149.759026520762 150.434746564019 150.468497936276
6.9 20 149.739790066138 149.829813726336 150.559354217605 150.593141896991
7 20 149.816116409536 149.905044401601 150.6910935033 150.724918754582
7.1 20 149.897102954467 149.984873219864 150.830164808551 150.864028804953
7.2 20 149.982912952144 150.069459776477 150.976771233132 151.010675030214
7.3 20 150.073715234297 150.158968974333 151.131118971018 151.165063482969
7.4 20 150.169684603966 150.25357139431 151.293417670428 151.327403650057
7.5 20 150.271002188897 150.353443630475 151.463880722313 151.497908743779
7.6 20 150.37785574816 150.458768579988 151.642725439073 151.67679588134
7.7 20 150.490439883865 150.569735649265 151.830173103348 151.864286131846
7.8 20 150.608956197365 150.686540898059 152.026448843773 152.060604391746
7.9 20 150.733613366361 150.809387105207 152.231781246192 152.265979001694
8 20 150.864627172747 150.938483782572 152.446401764265 152.480641150439
8.1 20 151.002220686428 151.074047319911 152.67054439798 152.704824513981
8.2 20 151.146624778899 151.216301434083 152.904445920588 152.938765440584
8.3 20 151.298078976304 151.365477940815 153.148346715435 153.182703763046
8.4 20 151.456832536154 151.521817747263 153.402491966633 153.436883994404
8.5 20 151.623145574934 151.685571904686 153.667132944505 153.701556631463
8.6 20 151.79729008047 151.857002560142 153.94252814017 153.976979311908
8.7 20 151.979550715651 152.036383712963 154.228944078168 154.263417642455
8.8 20 152.170225418758 152.224001771162 154.526655734714 154.561145620613
8.9 20 152.369625708922 152.420155847145 154.835946520131 154.870445610954
9 20 152.578076630264 152.625157723488 155.157107215966 155.191607342789
9.1 20 152.795916758115 152.839331754338 155.49043428181 155.52492618172
9.2 20 153.02349810232 153.063014723193 155.83622833307 155.870701465609
9.3 20 153.261185856692 153.296555527464 156.194792757619 156.229235045652
9.4 20 153.509359396071 153.540315947409 156.566434587447 156.600832028809
9.5 20 153.768414503965 153.794672595406 156.951467199538 156.985803412096
9.6 20 154.038766349004 154.060019595883 157.350214030442 157.384469767948
9.7 20 154.320852606872 154.336771462305 157.763012207297 157.797164920308
9.8 20 154.615136071822 154.6253655106 158.190215230803 158.224238697903
9.9 20 154.922106415671 154.926263471589 158.632194468014 158.66605847985
10 20 155.242281155993 155.239952319318 159.089339419495 159.123009473459
10.1 20 155.576206190521 155.566944638112 159.562056259795 159.595493324518
10.2 20 155.924454116367 155.907777431329 160.050760657483 160.083921476939
10.3 20 156.287623971476 156.263011225469 160.555873696238 160.588709978518
10.4 20 156.666341955866 156.633229888939 161.077822620768 161.110279591624
10.5 20 157.061261001656 157.019040411695 161.617039541222 161.649054938168
10.6 20 157.473059840195 157.421071600934 162.173960879344 162.205463975479
10.7 20 157.902448980907 157.839978751472 162.749033808601 162.779943768804
10.8 20 158.3501805011 158.276452091084 163.34272891945 163.37295255542
10.9 20 158.81705854335 158.731226300452 163.955551302528 163.984980744235
11 20 159.303947933865 159.205088300682 164.588047828503 164.616558383119
11.1 20 159.811778982888 159.69888143829 165.240808964379 165.268257260818
11.2 20 160.341548657415 160.213506119504 165.914466770888 165.940688952421
11.3 20 160.894320054537 160.749918516951 166.609682839229 166.634494438856
11.4 20 161.471221916844 161.309129167889 167.327108130062 167.35030552493
11.5 20 162.073425394681 161.892189096505 168.067406062021 168.088755213696
11.6 20 162.702170315431 162.500194943489 168.831270034186 168.850502304815
11.7 20 163.358768510598 163.134295661579 169.619414485756 169.636222813342
11.8 20 164.044593448531 163.795688121529 170.432568066347 170.446602881727
11.9 20 164.76107793308 164.485610901042 171.271472580385 171.28233537838
12 20 165.509721608106 165.205347732481 172.136882044351 172.144117801815
12.1 20 166.292161098139 165.956282532011 173.029645538358 173.032726359467
12.2 20 167.110220167118 166.739947181253 173.950754868987 173.949064379445
12.3 20 167.965926263634 167.558037494151 174.901343276381 174.894164625256
12.4 20 168.861502684973 168.412404587167 175.882658209999 175.869164280849
12.5 20 169.799351065936 169.305035168965 176.89598372001 176.875245937468
12.6 20 170.782039218801 170.238034851946 177.942410702237 177.913403078408
12.7 20 171.812289465279 171.213617922061 179.023234018302 178.984716338061
12.8 20 172.892746462599 172.23399979809 180.139922681779 180.090484262974
12.9 20 174.026504046518 173.301524542113 181.293974990998 181.232006774797
13 20 175.216837675224 174.418704805762 182.486907735674 182.410576999231
13.1 20 176.46713040049 175.588154160206 183.720266191706 183.627482624676
13.2 20 177.780895538785 176.812531948041 184.995628644729 184.884005543519
13.3 20 179.161859549003 178.094593855127 186.314631309887 186.181440917885
13.4 20 180.614422322825 179.437551477612 187.679447812977 187.521516835927
13.5 20 182.143585730022 180.845086641397 189.092730647558 188.906380790153
13.6 20 183.754910583382 182.321295253756 190.557453542021 190.338459675771
13.7 20 185.454410980814 183.870574374902 192.076646097678 191.820233207522
13.8 20 187.248459472511 185.497520483588 193.653075224602 193.353839363419
13.9 20 189.143762213521 187.20689147573 195.289968478404 194.94170238945
14 20 191.147313142281 189.003605514924 196.990769731894 196.586484662319
14.1 20 193.266302054404 190.892578262193 198.758897868918 198.290737093964
14.2 20 195.508892692406 192.879077658999 200.597782457665 200.056915484816
14.3 20 197.883456044601 194.968670383705 202.510884011449 201.887398977445
14.4 20 200.398271393706 197.166845073178 204.501726129621 203.784515284582
14.5 20 203.061391402309 199.47874835508 206.573944683273 205.750574797855
14.6 20 205.881820598393 201.909781171803 208.731379111849 207.787950285108
14.7 20 208.871569874741 204.467386234791 210.980384126909 209.901010849778
14.8 20 212.043877389701 207.160282794405 213.32879113743 212.095499642649
14.9 20 215.412743036229 209.9977579606 215.784348164299 214.377178492023
15 20 218.992450915274 212.989058229254 218.354288964076 216.751263247596
15.1 20 222.797157934625 216.143035733378 221.045791700572 219.222799799553
15.2 20 226.840896481359 219.468235432379 223.865487052201 221.796225057501
15.3 20 231.138352222814 222.973421398058 226.819630728492 224.47543505369
15.4 20 235.704749255166 226.66743015817 229.914137094362 227.263860147736
15.5 20 240.554970087066 230.558955534998 233.154474707292 230.164359343409
15.6 20 245.703499684277 234.656288049887 236.545885446476 233.17948358018
15.7 20 251.161577785797 238.966185998487 240.093332143949 236.311459704905
15.8 20 256.931980462889 243.491202289504 243.80176405445 239.56234910137
15.9 20 263.029141209451 248.235725816487 247.676389030942 242.9343481012
16 20 269.46723209796 253.205783451527 251.722619570328 246.429787057387
16.1 20 276.284854708653 258.426615265217 255.973970195215 250.072461333882
16.2 20 283.507067338766 263.917135442804 260.449659723069 253.878658140675
16.3 20 291.149937510542 269.687981988621 265.154656257492 257.853668444889
16.4 20 299.225276634287 275.744080474537 270.09257953714 261.999428455027
16.5 20 307.741471208602 282.087841078533 275.26586374845 266.316196904772
16.6 20 316.710837705909 288.724287997573 280.675091007464 270.802606344574
16.7 20 326.143382604714 295.658614331689 286.319192591545 275.455868479591
16.8 20 336.042540914297 302.892448604227 292.195009174639 280.27088692521
16.9 20 346.408283162706 310.424604720718 298.297947023485 285.242384932999
17 20 357.225532661563 318.247611057557 304.621440817575 290.36444622253
17.1 20 368.47383807329 326.341647935409 311.159682190734 295.631037355341
17.2 20 380.15409090436 334.692533800117 317.907941698068 301.037254079577
17.3 20 392.25980064056 343.295310865133 324.862344068893 306.578810193921
17.4 20 405.010937015221 352.294521777868 332.250396760703 312.398249627573
17.5 20 418.271679436674 361.65984386263 340.016318477099 318.490467133389
17.6 20 432.028182795459 371.369039887196 348.114206906221 324.826546236367
17.7 20 446.272050932165 381.394388155833 356.515985735813 331.383439121282
17.8 20 460.976234659773 391.704647903277 365.194150932271 338.139348885345
17.9 20 476.155991840749 402.290339777769 374.111462033722 345.068377995395
18 20 491.815769960472 413.162873772379 383.236345151389 352.145570135168
18.1 20 507.886563699541 424.295809285003 392.53470846395 359.340892123593
18.2 20 524.301550903165 435.655132476603 401.96618241511 366.626355047737
18.3 20 540.976720620223 447.187727220221 411.502644750794 373.979898963967
18.4 20 557.85261993855 458.830078683762 421.096368701378 381.3730851495
18.5 20 574.885807871088 470.535443626077 430.723975811274 388.789945764081
18.6 20 592.026284434089 482.281057984228 440.388390245956 396.23255248111
18.7 559.081617529147 611.230465662234 495.201222215159 452.111315657436 404.550358380355
18.8 498.580072979782 630.041075964067 508.865564149623 465.009092359817 413.546390786134
18.9 506.016596470906 648.468205693222 522.857150578509 478.212409856547 422.856684123166
19 516.206495875153 666.901758022781 537.069189583848 491.759176567887 432.417925229725
19.1 527.07349797275 685.391108804553 551.375700512427 505.541568708622 442.155784932132
19.2 538.310397539452 704.011213670121 565.764427791468 519.471878184939 451.998004895571
19.3 549.483426577013 722.73131663652 580.302530683017 533.463553834299 461.885838660608
19.4 560.18174426063 741.495218542319 594.965838453306 547.42672680818 471.75508628628
19.5 569.785462853527 760.119980739761 609.584014798658 561.224869104039 481.529400439676
19.6 579.333448390615 778.603149493839 624.103528025861 574.847736123839 491.181408889424
19.7 587.969993606833 796.709873071777 638.331195828299 588.157655833594 500.644543914224
19.8 596.192164445143 814.479539172401 652.295715768091 601.124734615867 509.904247012159
19.9 604.90295287383 832.081873129555 666.074314305333 613.930558332086 519.069838669613
20 613.362547937877 849.451108122767 679.622926184937 626.579372528916 528.163772158191
20.1 1103.67782219898 867.75884297272 693.843460615013 640.496431787224 537.814259743576
20.2 1119.42875421257 886.080130777953 708.132454289799 655.176535862865 547.90089805486
20.3 1134.25566621394 902.730247217561 721.554141206973 668.987902314848 557.720109587867
20.4 1148.85988424597 917.887366996636 734.135440460213 682.032153031296 567.188868087698
20.5 1163.30548103195 932.032607672393 746.077416089337 694.502033419283 576.329017503398
20.6 1177.02540773861 945.240973505424 757.530594726731 706.471591484596 585.152949510526
20.7 1189.73381630673 957.644002903995 768.542080922283 717.936437874972 593.651682223042
20.8 1200.17597628432 969.074428723374 778.976235462101 728.796523358769 601.793249626149
20.9 1209.72557148257 979.637453447542 788.827224321907 739.052990804854 609.546102105531
21 1217.8054454712 989.244620376315 797.985659601811 748.655921462018 616.877838119912
21.1 1224.5477133903 997.967956125542 806.508062514905 757.561999891527 623.767150369549
21.2 1230.87423136464 1005.95654590484 814.427511634267 765.935296818196 630.319546962638
21.3 1236.54229626702 1013.34866221232 821.83629264303 773.887035187896 636.614568279994
21.4 1241.40868778502 1018.52234383455 827.76059358983 779.633011935008 641.970382650848
21.5 1249.33033538153 1025.07345253576 833.496328618677 785.822179008681 647.284293154846
21.6 1252.13529234359 1030.42172216281 838.208072370002 791.077487249647 652.131559264038
21.7 1252.10163685696 1034.05036257893 841.739752918723 795.180035480426 656.360997970211
21.8 1251.02701450377 1036.31704897355 844.335144831197 798.351600088927 660.015633138318
21.9 1248.91508370836 1037.42992046127 846.123773110094 800.76106207733 663.159030716231
22 1245.18632447961 1037.40547877305 847.122423916978 802.400623876748 665.801951133227
22.1 1238.52487537858 1035.74942838469 847.051552741289 803.063151471544 667.886517989903
22.2 1230.62827636178 1032.79693963136 846.116757999207 802.919520890169 669.440560752714
22.3 1220.78171416769 1028.58057829372 844.332530402859 801.956870908682 670.461083228046
22.4 1210.86592082847 1023.54245670906 841.905905137502 800.400418580391 671.029986782484
22.5 1200.47949960082 1017.84302869451 838.927005145011 798.365728340246 671.226178950182
22.6 1189.37102891655 1011.41408633442 835.312921146732 795.877060616944 671.07637916118
22.7 1177.0307313608 1004.19710156482 831.14539877641 792.801432840004 670.528666678597
22.8 1163.71376409675 996.277382478416 826.43465907339 789.236802211153 669.618326176966
22.9 1151.12156814963 988.115808061986 821.438027950011 785.413429062956 668.438127094003
23 1138.05422972713 979.591934298896 816.091050235547 781.256213173749 666.977310084441
23.1 1124.3596250909 970.587827976354 810.335137921559 776.733987207771 665.237267803724
23.2 1110.74687045586 961.224397404288 804.223821813493 771.937035457698 663.249927337462
23.3 1096.5148092855 951.443324477259 797.754644950609 766.825924947673 661.005295185694
23.4 1080.44986285325 940.885351541344 790.753611986549 761.165916848759 658.426284457446
23.5 1063.46839753995 929.522636304095 783.189893388035 755.023057711557 655.520599284185
23.6 1045.03523312303 917.371090736228 775.115167094001 748.369859644539 652.274105795853
23.7 1026.92824761287 904.816799130155 766.701394699401 741.415798425348 648.75780358751
23.8 1009.30397277444 892.134531925271 758.08769147456 734.318186584163 645.047063556503
23.9 991.822380837837 879.34887419294 749.310729279469 727.139887069848 641.202609436774
24 974.375923487781 866.442623785549 740.389780219422 719.877501693992 637.231143183428
24.1 956.834939659331 853.348991976423 731.364707663739 712.502426610829 633.128543085429
24.2 939.302121936534 840.174718185628 722.274531203801 705.041291547308 628.907867264675
24.3 921.904144020493 827.013029014706 713.148955908843 697.529146314761 624.589239936323
24.4 904.662744874061 813.902471770433 704.003604823489 689.988710894971 620.188768223998
24.5 887.586335260783 800.857103860067 694.838234322678 682.469850480311 615.750286627134
24.6 870.72715786485 787.906319935796 685.671865322187 674.974408546374 611.271547699917
24.7 854.054077758075 775.056103319844 676.523237930328 667.492488935921 606.752527484229
24.8 837.433662419212 762.248798961612 667.368910755148 660.016286657299 602.199065929335
24.9 820.937193430296 749.498903866314 658.220833088132 652.544407413333 597.613006511591
25 804.622771759244 736.824168864955 649.087271417978 645.084764027742 592.992535627638
25.1 788.629895693672 724.285316152827 640.001280620471 637.674571243497 588.352132196913
25.2 772.99978448217 711.931857372613 630.994411831329 630.346016569845 583.709604999863
25.3 757.723731921873 699.771504659736 622.083556368941 623.117118158051 579.079552712628
25.4 742.780299268012 687.775347781935 613.292467217377 615.98752871264 574.46838283209
25.5 728.114628997214 675.985596881295 604.669771442372 608.949539605178 569.878060097654
25.6 713.822148146457 664.438410454627 596.206304901411 602.025316227182 565.319221602253
25.7 699.945563172908 653.16210960937 587.906366038472 595.231932827443 560.802889113629
25.8 686.503992254452 642.175473633107 579.777085969311 588.584212801067 556.339725881767
25.9 673.50817915934 631.493742896916 571.825476151029 582.094199328515 551.939753586871
26 660.959956634965 621.123339642247 564.056930399123 575.765647398759 547.609491750227
26.1 648.846835191447 611.058668165211 556.473358635843 569.598897285491 543.352388506027
26.2 637.161136558935 601.294621657468 549.074167275524 563.595070080097 539.17180041545
26.3 625.891236116473 591.823144330253 541.855900939885 557.752606694809 535.068939406782
26.4 615.036546295236 582.642528626486 534.819314893733 552.07064461045 531.044860939236
26.5 604.593422828402 573.752870196067 527.966146626175 546.550440659125 527.102568484521
26.6 594.557788479294 565.156872866487 521.300718131765 541.192387053229 523.243737730103
26.7 584.921258776316 556.8557871213 514.824773154921 535.996442658535 519.47080242779
26.8 575.678781609803 548.874978630371 508.547094116452 530.961183728326 515.784590528587
26.9 566.81659264013 541.197087953731 502.466126766923 526.084648534756 512.185601314567
27 558.326300606187 533.803470367043 496.57608830173 521.363882119477 508.673276778025
27.1 550.198588047426 526.683976645095 490.87273060035 516.79667925497 505.247825234669
27.2 542.42325625837 519.831128766407 485.352394341243 512.380952212721 501.909398851158
27.3 534.989414146224 513.238132201595 480.011498708609 508.11414820934 498.658115660475
27.4 527.885211312486 506.897483966606 474.84645869225 503.99309830472 495.493634425143
27.5 521.097915638116 500.801021786145 469.853019455295 500.01411238237 492.415254889415
27.6 514.614617284387 494.940113284879 465.026393518251 496.173170769939 489.421772014586
27.7 508.422663457095 489.306232784239 460.361858527268 492.465964211011 486.511566103534
27.8 502.509944995416 483.89133108465 455.854635875894 488.888225722706 483.682914797745
27.9 496.864714678465 478.687688517974 451.500136722666 485.436270310722 480.934330527286
28 491.475608774628 473.688231293315 447.294183335032 482.105708728227 478.263963055763
28.1 486.331467635898 468.885136146564 443.232198720412 478.892774210344 475.670162038637
28.2 481.4213981833 464.270842149316 439.310230853924 475.793482955644 473.151141968805
28.3 476.734857608729 459.839790876935 435.524653315678 472.803628416536 470.704953474166
28.4 472.261556416067 455.585229093471 431.871687871875 469.919002729642 468.32952644842
28.5 467.991589963039 451.50058367419 428.347422053367 467.135655130987 466.022859261324
28.6 463.915265086866 447.579213564904 424.94729046229 464.449798435397 463.783008787525
28.7 460.023230720861 443.814942431554 421.666903658115 461.857770239368 461.608083224583
28.8 456.306244637833 440.200622941225 418.501816576807 459.355922045 459.496168418064
28.9 452.755424398497 436.729596106105 415.447761604757 456.940671703743 457.445351330166
29 449.362099773045 433.3952909846 412.500300007056 454.60848228694 455.453689409177
29.1 446.118091617318 430.191670442899 409.655282491714 452.355905652403 453.519231558292
29.2 443.015489925292 427.112690249676 406.908517464786 450.17959437766 451.640044010193
29.3 440.046845323753 424.152721731135 404.256000247732 448.076332082824 449.814234684823
29.4 437.20524404757 421.306528030008 401.694040977958 446.043080465225 448.039978705385
29.5 434.48385010985 418.568460310888 399.219040201217 444.07694317945 446.315512075274
29.6 431.875948226963 415.933408526634 396.827339108349 442.174930511388 444.639036932139
29.7 429.375324395393 413.396564213993 394.515602722934 440.33419788396 443.008795433941
29.8 426.976182385502 410.953427311752 392.280789076424 438.552042115712 441.423080913431
29.9 424.673160533239 408.599993199574 390.120054105359 436.825911751898 439.880255666979
30 422.461105304661 406.33222835832 388.030198908608 435.153371157103 438.378743203069
30.1 420.335175486082 404.146624037918 386.008238652921 433.532109652011 436.917033495789
30.2 418.290698795454 402.038999141121 384.05140433277 431.959891055565 435.49366038448
30.3 416.323274648737 400.005483470792 382.157012308568 430.43456935092 434.107204934075
30.4 414.428736851932 398.04252030017 380.322443085872 428.954090739023 432.756293718171
30.5 412.603183899078 396.146811176955 378.545102842196 427.516495860907 431.439600016144
30.6 410.842885434951 394.315135736541 376.822562361412 426.119909880266 430.155842103018
30.7 409.144455820191 392.544571170962 375.152338102106 424.762580784033 428.903802098455
30.8 407.504673433755 390.832205781798 373.532262479635 423.442817023912 427.682299008004
30.9 405.920519958729 389.174935466689 371.960160489897 422.159108759492 426.490240571345
31 404.388849340216 387.570139446366 370.434124417021 420.909839449223 425.326507777246
31.1 402.906809249961 386.015463093941 368.952314290859 419.693461864106 424.190011621126
31.2 401.471801946044 384.508637036515 367.51294286485 418.508554542039 423.079722274452
31.3 400.081419686757 383.04751162707 366.114279560734 417.35376960245 421.994655933773
31.4 398.733409739542 381.630040941578 364.754685669167 416.227830011146 420.933872498626
31.5 397.425659315309 380.254282831106 363.43258195766 415.129529669944 419.896481004106
31.6 396.156182975211 378.918367075885 362.146505657096 414.057729613559 418.881644900491
31.7 394.923114111356 377.620529881826 360.895051818479 413.011342275234 417.888530615147
31.8 393.724695336004 376.359099553255 359.676857139936 411.989331215579 416.916346768699
31.9 392.559271002339 375.132485668049 358.49061105283 410.990710829277 415.964337608718
32 391.42528132573 373.939177438937 357.33505610635 410.014543477693 415.031781393979
32.1 390.321255573108 372.777719127529 356.208979598456 409.059937365131 414.117987483988
32.2 389.245810185257 371.646739945375 355.111236620336 408.126043977055 413.22229295683
32.3 388.197641946857 370.544886561514 354.040715337416 407.212065690039 412.344067389728
32.4 387.17541488185 369.470858149155 352.996349882358 406.317298506811 411.482767252548
32.5 386.178018190173 368.423604303274 351.97716483652 405.44096315361 410.637776468314
32.6 385.204371460931 367.40206876572 350.982229000039 404.582333493665 409.808519087208
32.7 384.253496590289 366.405233594084 350.010649320449 403.740750822808 408.994447648492
32.8 383.324419310468 365.432118422305 349.061570619163 402.915564001666 408.19504238579
32.9 382.416246060275 364.481791114991 348.134173136113 402.106187014254 407.409811076318
33 381.528118928626 363.553359328347 347.22767499223 401.312038602711 406.638286948744
33.1 380.65921434762 362.645976094407 346.341330032155 400.532563309274 405.880014981079
33.2 379.808780106732 361.758841146285 345.474425202581 399.767258631008 405.1345626364
33.3 378.976096383313 360.891190903705 344.626277987871 399.015612754823 404.401527151241
33.4 378.160465696448 360.042292313213 343.796231778823 398.277119419702 403.680519805617
33.5 377.361237048311 359.211448968096 342.983657266441 397.551349594426 402.971144873908
33.6 376.57779501401 358.397997859389 342.187951442078 396.837884652977 402.273023979374
33.7 375.80955570281 357.601304794919 341.408535417949 396.136317669523 401.585804457715
33.8 375.055958381052 356.820763004871 340.644854007505 395.44624993855 400.909144165192
33.9 374.316475441508 356.055801540114 339.896379117934 394.767303361221 400.242714179455
34 373.590605273926 355.305875782228 339.162606246366 394.099121558599 399.586199200037
34.1 372.877745621965 354.570372209898 338.443026027998 393.441392343009 398.939348209853
34.2 372.177495240468 353.848831209895 337.73717606747 392.793746116155 398.301839020247
34.3 371.489418383628 353.140792492388 337.044615425574 392.155841087295 397.673384021642
34.4 370.813141994591 352.445815711369 336.364923628665 391.527383447828 397.053709540052
34.5 370.148262455031 351.763470390876 335.697695312506 390.908063475839 396.442552245914
34.6 369.494412162507 351.093344683521 335.042541192863 390.297607066365 395.839662674344
34.7 368.851245724526 350.435046255988 334.399088155812 389.695762438129 395.244804494836
34.8 368.218395988994 349.788184910466 333.76697339158 389.102201573793 394.657736736387
34.9 367.595540150422 349.152398690785 333.145850091327 388.516720635026 394.078243435988
35 366.982376268032 348.527342448466 332.535386055126 387.939095226467 393.506113609779
35.1 366.378603770062 347.91268087795 331.935260830598 387.369074691299 392.941145666022
35.2 365.783917060902 347.308086915685 331.345163902567 386.806400274126 392.383125985199
35.3 365.198042924189 346.71325162566 330.764797599864 386.250882558666 391.831857304026
35.4 364.620719494186 346.127880029691 330.193876416882 385.702332530173 391.287153286783
35.5 364.051696465188 345.551689663091 329.632126191697 385.160563463025 390.748842542386
35.6 363.490727978855 344.984407876911 329.079282829085 384.625385521061 390.216750985377
35.7 362.937581028076 344.425771341476 328.535091397624 384.096619039457 389.69071639712
35.8 362.392021901761 343.875520710709 327.9993035703 383.574074575064 389.17055935888
35.9 361.853834181148 343.333413224181 327.471682104059 383.057589859303 388.656124947277
36 361.322808060221 342.79921589313 326.95199926651 382.547000235159 388.147264580242
36.1 360.7987450361 342.272705758069 326.440036394261 382.042150135136 387.643838574862
36.2 360.281451487585 341.753667399492 325.935582590689 381.542885852404 387.145707762103
36.3 359.770736471911 341.241891924977 325.438433941811 381.049054601015 386.65273389409
36.4 359.266421814743 340.73717896236 324.948393889179 380.560516301526 386.164785954744
36.5 358.768333542878 340.239334418984 324.465272345412 380.077126772553 385.68173408402
36.6 358.276302653707 339.748170485631 323.98888534051 379.598749570323 385.203452942242
36.7 357.790170203972 339.263507667058 323.519055673009 379.125263948085 384.729826795617
36.8 357.309783466927 338.785173503444 323.055612589837 378.656549688871 384.260743076916
36.9 356.83499090572 338.313000061425 322.598390687759 378.192484660243 383.796083719975
37 356.365645486974 337.846824593848 322.147229791754 377.732945495916 383.335735230051
37.1 355.901606492585 337.386490395559 321.70197515648 377.27781861685 382.879594082294
37.2 355.442738789375 336.931846599377 321.262477383331 376.826996468636 382.42756083737
37.3 354.988911599913 336.482747549615 320.828592107623 376.380374331521 381.979537913766
37.4 354.539998304706 336.039051970151 320.400179410892 375.93785084974 381.535430666485
37.5 354.095877202415 335.600623605456 319.97710397097 375.499328425801 381.095147596108
37.6 353.656429873559 335.1673306184 319.559234856704 375.06471005551 380.658596005275
37.7 353.221541894776 334.739045611171 319.146445429753 374.633902294377 380.225687522773
37.8 352.791102258384 334.315645360642 318.738613143442 374.206814823549 379.796337478589
37.9 352.365003517618 333.897010601889 318.335619322172 373.783360263515 379.37046448495
38 351.943142093822 333.483026069723 317.937349086139 373.363454416315 378.947989715947
38.1 351.525416688552 333.073579904983 317.543691059881 372.947014260512 378.528835082572
38.2 351.111729080671 332.668563593947 317.154537215769 372.533959181655 378.112924999343
38.3 350.70198414959 332.26787188879 316.769782750124 372.124210841433 377.700185707072
38.4 350.296089642906 331.871402849272 316.38932604822 371.717693611028 377.290545375607
38.5 349.893956782612 331.479057941047 316.013068679893 371.314334748974 376.883935255014
38.6 349.495499756021 331.090741784329 315.640915256218 370.914063741144 376.480288694993
38.7 349.10063528119 330.706361931346 315.27277327358 370.516812015665 376.07954086341
38.8 348.709282323452 330.325828645637 314.908552966725 370.122512158832 375.681627875062
38.9 348.321362327585 329.949054940279 314.548167249015 369.731099261642 375.286488450774
39 347.936799106815 329.575956471247 314.19153161523 369.342510401282 374.894063170745
39.1 347.555518494911 329.20645130848 313.838563990373 368.95668416875 374.504293802524
39.2 347.177448676734 328.840459993159 313.489184694922 368.573561219897 374.117124031593
39.3 346.802520043448 328.477905475867 313.143316388987 368.193084009828 373.732499173691
39.4 346.430664982125 328.118712975718 312.800883981651 367.815196332627 373.350365626244
39.5 346.061817793773 327.76280987691 312.461814537714 367.439843515102 372.970671322299
39.6 345.695914623697 327.410125652349 312.12603719562 367.066972492942 372.593365816489
39.7 345.33289349778 327.060591832465 311.793483112163 366.696531819434 372.218400208264
39.8 344.972694292178 326.714141961077 311.464085410518 366.328471602914 371.845727066398
39.9 344.615258403508 326.370711408833 311.137779066274 365.962743076952 371.475299970271
40 344.260528874378 326.030237342505 310.814500844641 365.599298832047 371.107073802859
40.1 343.908450239705 325.692658530329 310.494189097073 365.238092725992 370.741004615763
40.2 343.558968262677 325.357915177557 310.176783598082 364.879079546745 370.377049316279
40.3 343.212029814512 325.025948727903 309.862225336244 364.522214977362 370.015165661396
40.4 342.867582784805 324.696701690342 309.550456317965 364.167455530774 369.655312168973
40.5 342.525575936058 324.370117465316 309.241419379107 363.814758389354 369.297447967301
40.6 342.185958676487 324.046140146709 308.935057994695 363.464081192498 368.941532585408
40.7 341.848680954362 323.724714376464 308.631316118298 363.115381998856 368.587525953834
40.8 341.513693057068 323.405785181858 308.330138032004 362.768619044077 368.235388169518
40.9 341.18094547757 323.089297846571 308.031468223517 362.423750619088 367.885079325946
41 340.85038878804 322.775197802145 307.735251286846 362.080734937216 367.53655937071
41.1 340.521973541687 322.463430539763 307.441431843973 361.73953002514 367.189787999602
41.2 340.195650133067 322.153941515405 307.149954475908 361.400093520063 366.844724432105
41.3 339.871368721116 321.846676085793 306.860763673748 361.062382618163 366.501327399445
41.4 339.549079190963 321.541579474631 306.573803812957 360.726354045991 366.159555107927
41.5 339.228731126467 321.238596755295 306.289019145492 360.391964017292 365.819365182188
41.6 338.910273781817 320.93767283929 306.006353802434 360.059168183164 365.48071461927
41.7 338.593656072043 320.638752480078 305.725751810155 359.72792160879 365.143559760958
41.8 338.278826594385 320.341780299634 305.447157123583 359.3981787899 364.807856311707
41.9 337.965733644651 320.046700821046 305.17051366901 359.069893658042 364.473559342337
42 337.654325244628 319.753458509087 304.895765394824 358.743019601753 364.140623312878
42.1 337.344549172901 319.461997817851 304.622856329227 358.41750949151 363.809002097362
42.2 337.036353013287 319.172263247456 304.351730645088 358.093315722563 363.478649019613
42.3 336.729684216652 318.884199409902 304.082332731622 357.770390273237 363.149516902284
42.4 336.424490183444 318.597751105873 303.814607272759 357.448684787215 362.821558154471
42.5 336.120718361728 318.31286341203 303.54849933184 357.128150672667 362.494724881794
42.6 335.81831634263 318.02948177103 303.283954438962 356.80873920246 362.168968990543
42.7 335.517231946331 317.747552078347 303.020918677326 356.490401604552 361.844242275886
42.8 335.217413308549 317.467020766783 302.759338767478 356.173089149944 361.520496508786
42.9 334.918808963016 317.187834887755 302.499162148237 355.856753241925 361.197683527804
43 334.621367925051 316.909942191046 302.240337054609 355.541345510707 360.87575533747
43.1 334.325039773134 316.633291201671 301.982812592052 355.226817905316 360.554664202058
43.2 334.029774722597 316.357831290019 301.726538804923 354.913122775125 360.23436272699
43.3 333.735523700606 316.083512738601 301.471466739998 354.600212954853 359.914803946577
43.4 333.442238420364 315.810286805292 301.217548505089 354.288041849704 359.595941413654
43.5 333.149871454175 315.538105783233 300.964737322893 353.976563521104 359.277729290575
43.6 332.858376303184 315.266923056767 300.712987579921 353.665732770056 358.960122437011
43.7 332.567707460094 314.996693151576 300.462254869732 353.355505212676 358.643076489206
43.8 332.277820458158 314.727371775435 300.212496028709 353.045837340307 358.326547923242
43.9 331.988671914008 314.458915851708 299.963669164885 352.736686574093 358.010494112098
44 331.700219567565 314.191283547607 299.715733680818 352.428011316966 357.694873379808
44.1 331.41242232112 313.924434298986 299.468650291639 352.119771005825 357.37964505707
44.2 331.125240277578 313.65832883248 299.222381039081 351.811926163614 357.064769537865
44.3 330.838634773837 313.392929183714 298.976889301318 351.504438446223 356.750208330973
44.4 330.552568408321 313.128198710922 298.73213979847 351.197270683401 356.435924105362
44.5 330.26700506144 312.864102103331 298.488098593623 350.890386911959 356.121880726937
44.6 329.981909909378 312.600605384332 298.244733089406 350.583752401546 355.808043287288
44.7 329.697249431585 312.337675909632 298.002012020338 350.277333673333 355.494378125128
44.8 329.412991412148 312.075282360596 297.759905441143 349.971098511736 355.180852840339
44.9 329.129104936724 311.813394733552 297.518384711497 349.665015971108 354.867436302852
45 328.84556038605 311.551984325749 297.277422477676 349.359056378436 354.554098657469
45.1 328.562329426226 311.291023718368 297.036992651506 349.053191332129 354.240811324713
45.2 328.279384996403 311.030486757153 296.797070387047 348.747393697568 353.927546998018
45.3 327.996701295082 310.770348531471 296.557632055605 348.441637600872 353.614279639155
45.4 327.71425376562 310.510585352395 296.318655219561 348.135898421547 353.300984472712
45.5 327.432019080685 310.251174729936 296.080118605283 347.830152783721 352.987637979224
45.6 327.149975125127 309.99209534927 295.842002075188 347.524378545315 352.674217886124
45.7 326.868100976779 309.733327045752 295.60428659895 347.218554784559 352.360703155782
45.8 326.586376884942 309.474850778544 295.366954223821 346.912661783551 352.047073970295
45.9 326.304784246252 309.216648602724 295.129988044037 346.606681008477 351.733311712621
46 326.023305578182 308.958703639934 294.89337216935 346.300595086797 351.419398944372
46.1 325.741924491012 308.701000047985 294.65709169293 345.994387782398 351.105319381408
46.2 325.460625659049 308.443522989896 294.421132658912 345.688043969647 350.791057868308
46.3 325.179394791563 308.186258602736 294.185482029854 345.381549606873 350.476600352287
46.4 324.898218603553 307.929193966486 293.950127654317 345.074891709416 350.16193385664
46.5 324.617084786392 307.672317072994 293.715058234659 344.768058322283 349.847046453747
46.6 324.335981978306 307.415616795101 293.480263295144 344.461038492404 349.531927237592
46.7 324.054899734768 307.159082855955 293.24573315043 344.153822240526 349.21656629584
46.8 323.773828498849 306.902705798602 293.011458874482 343.846400532851 348.90095468159
46.9 323.492759571677 306.646476955905 292.777432269998 343.538765252565 348.58508438495
47 323.21168508309 306.390388420891 292.543645838388 343.230909171355 348.268948304554
47.1 322.930597962558 306.134433017555 292.310092750368 342.922825921017 347.952540219111
47.2 322.649491910435 305.87860427219 292.076766817194 342.614509965204 347.635854759051
47.3 322.368361369614 305.622896385276 291.84366246259 342.305956571408 347.318887378365
47.4 322.087201497618 305.367304203961 291.610774695379 341.997161783214 347.001634326674
47.5 321.806008139166 305.111823195163 291.378099082849 341.688122392888 346.684092621595
47.6 321.524777799256 304.856449419315 291.145631724855 341.378835914323 346.366260021438
47.7 321.243507616771 304.601179504762 290.913369228683 341.069300556372 346.048134998249
47.8 320.962195338613 304.346010622805 290.681308684666 340.759515196585 345.72971671123
47.9 320.680839294377 304.090940463412 290.449447642549 340.449479355348 345.411004980532
48 320.39943837156 303.835967211568 290.217784088599 340.139193170429 345.09200026142
48.1 320.117991991289 303.58108952427 289.986316423459 339.828657371946 344.772703618832
48.2 319.836500084582 303.326306508149 289.755043440709 339.517873257725 344.453116702306
48.3 319.554963069131 303.071617697717 289.523964306154 339.206842669094 344.13324172131
48.4 319.273381826605 302.817023034232 289.2930785378 338.895567967094 343.813081420965
48.5 318.991757680484 302.562522845157 289.062385986512 338.584052009109 343.492639058185
48.6 318.710092374422 302.308117824228 288.831886817352 338.272298125961 343.171918378233
48.7 318.428388051141 302.053809012114 288.601581491562 337.960310099447 342.850923591729
48.8 318.146647231875 301.799597777665 288.371470749202 337.648092140349 342.529659352114
48.9 317.864872796353 301.54548579974 288.141555592418 337.335648866934 342.208130733587
49 317.583067963348 301.291475049623 287.911837269325 337.022985283953 341.886343209543
49.1 317.30123627177 301.037567774008 287.682317258503 336.710106762138 341.564302631503
49.2 317.019381562328 300.783766478555 287.452997254088 336.397019018239 341.242015208575
49.3 316.737507959755 300.530073912008 287.223879151447 336.083728095574 340.919487487442
49.4 316.455619855588 300.276493050867 286.994965033413 335.770240345117 340.596726332882
49.5 316.173721891516 300.023027084617 286.766257157094 335.456562407137 340.273738908836
49.6 315.891818943278 299.769679401485 286.537757941206 335.142701193361 339.95053266002
49.7 315.609916105113 299.516453574737 286.309469953951 334.828663869691 339.627115294085
49.8 315.328018674758 299.263353349491 286.081395901398 334.514457839455 339.303494764325
49.9 315.046132138979 299.010382630041 285.853538616376 334.200090727199 338.979679252927
50 314.764262159625 298.757545467678 285.625901047841 333.885570363008 338.655677154765
50.1 314.482414560215 298.504846048999 285.39848625073 333.57090476735 338.331497061729
50.2 314.200595313017 298.252288684696 285.171297376261 333.25610213645 338.007147747581
50.3 313.918810526637 297.9998777988 284.94433766268 332.941170828167 337.682638153334
50.4 313.637066434082 297.747617918379 284.717610426441 332.626119348376 337.357977373149
50.5 313.355369381306 297.495513663675 284.491119053796 332.310956337845 337.033174640729
50.6 313.073725816216 297.243569738664 284.264866992786 331.995690559601 336.70823931622
50.7 312.792142278126 296.991790922033 284.038857745623 331.680330886761 336.383180873589
50.8 312.510625387653 296.740182058553 283.81309486144 331.364886290844 336.058008888482
50.9 312.229181837039 296.48874805084 283.587581929408 331.04936583052 335.732733026555
51 311.947818380882 296.237493851499 283.362322572193 330.733778640817 335.407363032247
51.1 311.666541827279 295.986424455621 283.137320439747 330.418133922754 335.081908718015
51.2 311.385359029355 295.735544893646 282.912579203431 330.102440933404 334.756379953991
51.3 311.104276877167 295.484860224549 282.688102550433 329.786708976364 334.430786658074
51.4 310.823302289984 295.234375529373 282.463894178496 329.470947392626 334.105138786427
51.5 310.54244220892 294.984095905068 282.239957790924 329.155165551852 333.779446324387
51.6 310.261703589912 294.734026458639 282.016297091864 328.83937284401 333.453719277762
51.7 309.981093397031 294.484172301598 281.792915781858 328.523578671404 333.12796766451
51.8 309.70061859612 294.234538544691 281.56981755364 328.207792441044 332.802201506797
51.9 309.42028614875 293.985130292909 281.347006088185 327.89202355738 332.476430823413
52 309.140103006465 293.735952640759 281.124485050982 327.576281415373 332.150665622538
52.1 308.860076105334 293.487010667798 280.902258088537 327.260575393891 331.824915894854
52.2 308.580212360783 293.238309434407 280.680328825089 326.944914849436 331.49919160699
52.3 308.300518662696 292.989853977809 280.458700859534 326.629309110173 331.173502695281
52.4 308.021001870786 292.741649308308 280.237377762539 326.313767470264 330.847859059854
52.5 307.741668810215 292.493700405759 280.016363073849 325.998299184495 330.522270559002
52.6 307.462526267471 292.246012216237 279.795660299778 325.682913463186 330.196747003861
52.7 307.183580986468 291.998589648922 279.575272910865 325.367619467372 329.87129815337
52.8 306.904839664888 291.751437573169 279.355204339699 325.052426304252 329.545933709504
52.9 306.626308950734 291.504560815776 279.135457978901 324.737343022892 329.220663312772
53 306.347995439104 291.257964158418 278.916037179259 324.422378610177 328.895496537982
53.1 306.069905669158 291.011652335274 278.696945248001 324.107541986999 328.570442890237
53.2 305.792046121296 290.765630030802 278.47818544721 323.792842004682 328.245511801193
53.3 305.514423214512 290.51990187768 278.259760992374 323.478287441624 327.92071262553
53.4 305.237043303936 290.274472454904 278.041675051046 323.163887000153 327.596054637658
53.5 304.959912678555 290.029346286025 277.82393074164 322.849649303594 327.271547028633
53.6 304.683037559089 289.784527837528 277.606531132333 322.535582893535 326.947198903287
53.7 304.406424096042 289.540021517346 277.389479240072 322.221696227279 326.62301927755
53.8 304.130078367896 289.295831673502 277.172778029687 321.907997675487 326.29901707597
53.9 303.854006379462 289.051962592873 276.956430413105 321.594495519996 325.97520112942
54 303.578214060367 288.808418500068 276.740439248651 321.281197951808 325.651580172975
54.1 303.302707263673 288.56520355642 276.524807340439 320.968113069239 325.328162843972
54.2 303.027491764641 288.322321859088 276.30953743785 320.65524887623 325.004957680221
54.3 302.752573259599 288.07977744025 276.094632235082 320.342613280806 324.681973118384
54.4 302.477957364946 287.837574266407 275.880094370787 320.030214093684 324.359217492504
54.5 302.203649616259 287.595716237762 275.665926427766 319.718059027009 324.036699032671
54.6 301.92965546751 287.354207187705 275.452130932744 319.406155693234 323.714425863835
54.7 301.65598029039 287.113050882367 275.238710356196 319.094511604119 323.39240600475
54.8 301.382629373726 286.872251020256 275.025667112247 318.783134169856 323.070647367042
54.9 301.109607922999 286.631811231977 274.813003558619 318.472030698306 322.749157754404
55 300.836921059939 286.391735080011 274.600721996635 318.161208394349 322.427944861896
55.1 300.56457382222 286.152026058569 274.388824671274 317.850674359336 322.107016275373
55.2 300.292571163221 285.912687593509 274.177313771275 317.540435590648 321.786379470998
55.3 300.020917951877 285.673723042313 273.966191429282 317.230498981345 321.466041814876
55.4 299.749618972589 285.435135694116 273.755459722036 316.920871319907 321.146010562766
55.5 299.478678925216 285.196928769803 273.545120670601 316.611559290061 320.826292859895
55.6 299.208102425119 284.959105422142 273.335176240634 316.302569470698 320.506895740856
55.7 298.937894003281 284.72166873597 273.125628342682 315.993908335855 320.187826129588
55.8 298.668058106468 284.484621728432 272.916478832517 315.685582254782 319.86909083943
55.9 298.398599097466 284.247967349251 272.707729511502 315.377597492075 319.550696573257
56 298.129521255348 284.011708481046 272.499382126978 315.069960207874 319.232649923681
56.1 297.860828775805 283.775847939681 272.291438372685 314.76267645813 318.914957373315
56.2 297.592525771521 283.540388474658 272.083899889201 314.455752194925 318.597625295111
56.3 297.324616272579 283.305332769535 271.876768264413 314.149193266848 318.280659952742
56.4 297.057104226928 283.070683442378 271.670045033995 313.843005419432 317.964067501054
56.5 296.789993500869 282.836443046241 271.463731681916 313.537194295631 317.647853986559
56.6 296.523287879588 282.602614069672 271.257829640966 313.23176543635 317.33202534799
56.7 296.256991067716 282.369198937248 271.052340293286 312.926724281018 317.016587416886
56.8 295.991106689925 282.136200010125 270.847264970928 312.622076168197 316.701545918237
56.9 295.725638291549 281.903619586615 270.64260495642 312.317826336242 316.386906471158
57 295.460589339233 281.671459902785 270.438361483341 312.013979923979 316.07267458961
57.1 295.195963221604 281.439723133064 270.234535736917 311.710541971436 315.758855683148
57.2 294.931763249973 281.208411390875 270.031128854612 311.407517420589 315.445455057709
57.3 294.667992659046 280.977526729282 269.828141926745 311.104911116148 315.132477916425
57.4 294.404654607668 280.747071141643 269.625575997097 310.802727806365 314.819929360474
57.5 294.141752179569 280.517046562285 269.423432063539 310.500972143868 314.507814389946
57.6 293.879288384144 280.287454867183 269.221711078658 310.199648686518 314.196137904739
57.7 293.617266157231 280.058297874651 269.02041395039 309.898761898288 313.884904705481
57.8 293.355688361912 279.829577346046 268.819541542656 309.598316150158 313.574119494465
57.9 293.094557789324 279.60129498647 268.619094676004 309.298315721034 313.263786876606
58 292.833877159482 279.373452445487 268.41907412825 308.998764798675 312.953911360421
58.1 292.573649122102 279.146051317846 268.219480635121 308.699667480641 312.644497359011
58.2 292.31387625745 278.919093144202 268.020314890906 308.401027775252 312.335549191074
58.3 292.054561077178 278.692579411847 267.821577549096 308.102849602556 312.027071081911
58.4 291.795706025182 278.466511555442 267.623269223034 307.805136795313 311.719067164464
58.5 291.537313478457 278.240890957752 267.425390486557 307.50789309998 311.411541480346
58.6 291.279385747955 278.015718950381 267.227941874644 307.211122177713 311.104497980887
58.7 291.021925079455 277.79099681451 267.030923884058 306.914827605367 310.797940528191
58.8 290.764933654424 277.566725781635 266.834336973983 306.619012876508 310.491872896189
58.9 290.508413590887 277.342907034304 266.638181566668 306.323681402426 310.186298771707
59 290.252366944297 277.119541706851 266.442458048057 306.028836513152 309.881221755533
59.1 289.996795708402 276.896630886135 266.247166768424 305.734481458479 309.576645363483
59.2 289.741701816115 276.674175612271 266.052308043 305.440619408985 309.272573027479
59.3 289.487087140379 276.452176879358 265.857882152599 305.147253457053 308.969008096622
59.4 289.232953495035 276.230635636213 265.663889344237 304.854386617895 308.665953838262
59.5 288.979302635683 276.009552787089 265.470329831748 304.562021830577 308.363413439075
59.6 288.726136260544 275.7889291924 265.277203796397 304.270161959034 308.061390006133
59.7 288.473456011314 275.568765669438 265.084511387481 303.978809793095 307.759886567976
59.8 288.22126347402 275.34906299308 264.892252722935 303.687968049497 307.45890607568
59.9 287.969560179865 275.129821896504 264.700427889926 303.397639372895 307.15845140392
60 287.718347606075 274.911043071885 264.509036945442 303.107826336878 306.85852535203
