0.1 149.933526775041 149.926933510439 149.956482075348 149.959993851 149.977090485873
0.2 149.880168661263 149.872968686918 149.912103198072 149.923911859095 149.949347385453
0.3 149.836986079197 149.827820376236 149.871945660318 149.890999474122 149.920778966817
0.4 149.799706973447 149.788513786162 149.835625325081 149.860089688092 149.892295070622
0.5 149.765986354052 149.753206132881 149.802285143434 149.830441860212 149.864087763613
0.6 149.734564834026 149.720699660846 149.771219027262 149.801638774552 149.836177450765
0.7 149.704726159095 149.690216427849 149.741904373244 149.773441759925 149.8085428567
0.8 149.676036211851 149.661241939782 149.713960373931 149.745706246985 149.781154808828
0.9 149.648216435585 149.633426287205 149.687107622586 149.718339016742 149.753985970123
1 149.621079445771 149.606524433968 149.661138442773 149.691277008366 149.727013792661
1.1 149.594494604728 149.580360340412 149.635896500823 149.664476581288 149.700221336512
1.2 149.568368748281 149.554805113002 149.611263022478 149.637907845767 149.673597393977
1.3 149.5426349292 149.52976340232 149.587147445774 149.611551526606 149.64713641971
1.4 149.517245582704 149.505164716983 149.563481005987 149.585397154316 149.620838445794
1.5 149.492168227436 149.480957725926 149.540212261184 149.559441989476 149.594709037457
1.6 149.467382672935 149.457106419096 149.517303915258 149.533690371199 149.568759295909
1.7 149.442879151211 149.433587451652 149.494730520891 149.508153318388 149.543005896593
1.8 149.418657030864 149.410388259704 149.472476788663 149.482848282819 149.51747114648
1.9 149.394723906605 149.38750569017 149.450536320106 149.45779899159 149.492183045123
2 149.371094934765 149.364944980049 149.428910641408 149.433035339075 149.467175337425
2.1 149.347792331787 149.342718977225 149.407608452862 149.408593302656 149.442487549562
2.2 149.324844981302 149.320847530578 149.386645034636 149.38451486565 149.41816500271
2.3 149.302288113489 149.299357000054 149.366041766609 149.360847936921 149.394258801623
2.4 149.280163032122 149.278279852322 149.345825731804 149.337646260711 149.370825796888
2.5 149.258516872415 149.257654317673 149.326029381162 149.314969312831 149.347928520846
2.6 149.237402377949 149.23752409067 149.30669024321 149.292882181151 149.325635097904
2.7 149.216877688503 149.2179380618 149.287850666408 149.271455429427 149.304019130379
2.8 149.197006133203 149.19895007095 149.269557585106 149.250764944471 149.283159561517
2.9 149.177856025526 149.180618676297 149.251862302713 149.230891767662 149.26314051794
3 149.159500458667 149.163006934728 149.234820287967 149.211921913006 149.244051134784
3.1 149.142017101475 149.146182191917 149.218490982146 149.193946175093 149.225985367755
3.2 149.125487996481 149.130215881785 149.202937616562 149.177059931134 149.209041797047
3.3 149.109999362312 149.115183335993 149.188227040541 149.161362941531 149.193323428176
3.4 149.095641402844 149.101163604397 149.174429560435 149.146959153027 149.178937494254
3.5 149.082508125025 149.088239287187 149.161618790021 149.133956507548 149.165995263169
3.6 149.070697166463 149.076496378839 149.149871512183 149.122466758572 149.154611851693
3.7 149.060309632821 149.066024123223 149.139267551141 149.11260529548 149.144906047065
3.8 149.051449944132 149.05691487852 149.129889653846 149.104490975104 149.137000135323
3.9 149.044225688339 149.049263989998 149.121823378738 149.098245958767 149.131019734617
4 149.038747479891 149.043169668392 149.115156989767 149.09399555255 149.127093631271
4.1 149.03512882149 149.038732871999 149.10998135397 149.091868048965 149.125353616739
4.2 149.03348596854 149.03605719206 149.106389842249 149.091994570063 149.125934325653
4.3 149.03393779794 149.035248743058 149.104478234882 149.094508914577 149.128973077762
4.4 149.036605685006 149.036416061448 149.104344635046 149.099547413913 149.134609728913
4.5 149.041613393317 149.03967001724 149.106089394394 149.107248802778 149.142986537108
4.6 149.049086982062 149.045123742429 149.109815054327 149.117754109458 149.154248048835
4.7 149.059154733822 149.052892578677 149.115626305052 149.131206568745 149.168541008668
4.8 149.071947103295 149.063094044259 149.123629962313 149.147751557501 149.186014291984
4.9 149.087596684753 149.075847817896 149.133934959493 149.167536549772 149.206818857442
5 149.106238193882 149.091275735108 149.14665235096 149.190711086265 149.231107713823
5.1 149.128008458344 149.109501791602 149.161895321472 149.217426751841 149.259035894717
5.2 149.153046410899 149.130652147943 149.179779196296 149.247837154331 149.290760434254
5.3 149.181493079247 149.154855130355 149.200421447362 149.282097898339 149.326440337325
5.4 149.213491566936 149.182241222674 149.223941691109 149.320366547865 149.366236538034
5.5 149.249187024925 149.212943050433 149.250461679432 149.362802577779 149.410311846357
5.6 149.288726622013 149.247095366375 149.280105292894 149.409567324214 149.458830893391
5.7 149.332259528671 149.284835052094 149.312998550243 149.460823950469 149.511960092227
5.8 149.379936929873 149.326301150258 149.349269647555 149.516737445658 149.569867632203
5.9 149.431912077424 149.371634936113 149.389049034769 149.577474666363 149.632723517064
6 149.488340384791 149.420980029071 149.432469529556 149.643204424056 149.700699650119
6.1 149.549379559252 149.474482537215 149.479666460848 149.714097612224 149.773969960479
6.2 149.615189758765 149.53229122142 149.530777828938 149.790327358891 149.852710555562
6.3 149.685933756496 149.59455766234 149.585944466152 149.872069185768 149.937099880161
6.4 149.761777095684 149.661436414371 149.645310183278 149.959501154944 150.027318862067
6.5 149.842888218417 149.733085132834 149.7090218899 150.052803984097 150.123551024549
6.6 149.929438544939 149.80966465366 149.777229671756 150.152161102233 150.2259825373
6.7 150.021602490204 149.891339016826 149.850086817712 150.257758630572 150.334802188989
6.8 150.119557436021 149.978275457066 149.927749819427 150.369785311911 150.450201303873
6.9 150.223483713656 150.070644418916 150.010378397473 150.488432453759 150.572373668619
7 150.333564660416 150.168619655187 150.098135608629 150.613893954858 150.701515543459
7.1 150.449986797592 150.272378447429 150.191188068542 150.746366468351 150.837825815784
7.2 150.572940138804 150.382101949932 150.289706289317 150.886049705552 150.981506301423
7.3 150.702618603171 150.497975625228 150.393865099351 151.033146851155 151.132762161962
7.4 150.839220485965 150.620189720375 150.503844095923 151.187865037714 151.291802383369
7.5 150.98294892921 150.74893972681 150.619828075708 151.350415815242 151.458840249218
7.6 151.134012340796 150.884426777108 150.742007398831 151.521015561378 151.634093751067
7.7 151.292624686952 151.026857922902 150.870578245035 151.699885737389 151.817785840403
7.8 151.459005582817 151.176446222685 151.005742704799 151.887252907438 152.010144434579
7.9 151.633380202442 151.333410679637 151.147708733545 152.083348539382 152.211402184517
8 151.815979052356 151.49797605766 151.29668999111 152.288408664045 152.421796084266
8.1 152.007037742004 151.670372718484 151.452905700415 152.502673530348 152.64156708005
8.2 152.206796987931 151.850836714811 151.61658074036 152.726387557595 152.870959988265
8.3 152.415503020501 152.03961030334 151.787946136816 152.959799729939 153.110223870931
8.4 152.633408429574 152.236942889738 151.967239963147 153.203164460413 153.359612889372
8.5 152.860773341505 152.443092267763 152.154708514265 153.456742784969 153.619387498994
8.6 153.097866731419 152.658325942059 152.350607550999 153.720803669478 153.889815761483
8.7 153.344967659891 152.882922325981 152.555203411723 153.995625220005 154.171174559392
8.8 153.602366254171 153.117171656412 152.768773840014 154.281495602952 154.463750511755
8.9 153.870363975531 153.361376341276 152.991608354024 154.578713048543 154.76783997076
9 154.149273245788 153.615850582374 153.224007976716 154.887585164434 155.083748233591
9.1 154.439416940681 153.880919949328 153.466284801792 155.208428197479 155.411788635839
9.2 154.741127796907 154.156920777984 153.718761356511 155.54156620589 155.752281657155
9.3 155.054747825123 154.444199616016 153.981770017697 155.887330379827 156.105554199488
9.4 155.380627816176 154.743112803935 154.255652524835 156.246058384588 156.471938908418
9.5 155.719128071655 155.054027430759 154.540760782781 156.618095157075 156.851774871652
9.6 156.070620848353 155.377324108046 154.837459403943 157.003795412408 157.245410023337
9.7 156.435494050071 155.713400951041 155.146129434933 157.403527239781 157.653204644158
9.8 156.814155266968 156.062677742091 155.467172304605 157.817675922188 158.075535119603
9.9 157.207035268403 156.425599349064 155.801013041646 158.246647108071 158.512797079955
10 157.614590148631 156.802637765447 156.148102192597 158.690868422444 158.96540700527
10.1 158.037299708077 157.194291580514 156.508915817038 159.150785975342 159.433798659703
10.2 158.475665639484 157.601083492859 156.88395345287 159.626861401111 159.918419327847
10.3 158.930211027924 158.02355890821 157.273735996076 160.119572732734 160.419730512669
10.4 159.401479886298 158.46228511198 157.678803897156 160.629413417488 160.93820739514
10.5 159.890036463791 158.917850508042 158.099716324571 161.156891591185 161.474338067186
10.6 160.396463983942 159.390863303925 158.537049639511 161.702527975379 162.028621197606
10.7 160.921363377466 159.881950121376 158.991395733503 162.266854099537 162.601563988434
10.8 161.46535868523 160.391762276755 159.463367389351 162.850417427314 163.193686564138
10.9 162.029109461616 160.92098978422 159.953610787814 163.453793008994 163.805532785127
11 162.613325366659 161.470376880558 160.462820350167 164.077596271381 164.437682431848
11.1 163.218777912031 162.04073338438 160.991749719114 164.722492518076 165.090760434159
11.2 163.846305037782 162.632938897234 161.541216234636 165.389198292526 165.76543853032
11.3 164.496796608214 163.247935664211 162.112097597983 166.078453366594 166.462406336377
11.4 165.171199165768 163.886724264365 162.705325884098 166.79102422551 167.182369559417
11.5 165.870514283991 164.550346589653 163.321870937003 167.527728734917 167.926080078759
11.6 166.595802500846 165.239902600157 163.96274337115 168.28942432399 168.694325942153
11.7 167.348179789889 165.956539419931 164.628987281907 169.077001732672 169.487923367791
11.8 168.128816299901 166.701451267359 165.321685351203 169.89137922745 170.3077084761
11.9 168.938933887347 167.475875297487 166.041950257798 170.733495465861 171.154529170587
12 169.779805877936 168.281089087855 166.790922772136 171.604305618582 172.029239866002
12.1 170.652786026806 169.118439908221 167.569794363219 172.504807942032 172.932724423284
12.2 171.559372884129 169.989418560409 168.379871278438 173.436098168025 173.865945137632
12.3 172.50126457821 170.895713819419 169.222628361817 174.399410678447 174.829981580676
12.4 173.480375546848 171.839223462371 170.099724128877 175.396122301761 175.826036177005
12.5 174.498763344643 172.822007735989 171.012976380297 176.427568437022 176.855255235715
12.6 175.558728140179 173.846305677185 171.964348997809 177.495139464261 177.91877353144
12.7 176.6627100749 174.914393956791 172.955871538831 178.600541143102 179.018048161195
12.8 177.81331472405 176.02867029842 173.989603142793 179.745536889227 180.154596981661
12.9 179.013333886565 177.191721726845 175.067680920621 180.931932224456 181.329955153656
13 180.265732158744 178.406210191304 176.192314386896 182.161571174162 182.545665498901
13.1 181.573648441712 179.674882077049 177.365801821264 183.436321155522 183.803261949102
13.2 182.940400388296 181.00057427107 178.590474829581 184.758069593633 185.104263717628
13.3 184.369494948097 182.386202457635 179.868701579112 186.128721706338 186.450170746042
13.4 185.864710413519 183.834812365741 181.202912343261 187.55027390033 187.842525989946
13.5 187.430538737352 185.350129839048 182.596049580963 189.025163495809 189.283211500883
13.6 189.072322783442 186.93668011935 184.051724074411 190.556349769058 190.774539590048
13.7 190.79603174568 188.599554756332 185.574073735077 192.146971369355 192.318935326477
13.8 192.608313030179 190.344231176818 187.167570708281 193.800281736751 193.918836556
13.9 194.516252879745 192.176452742756 188.836869976327 195.52016339367 195.577301736276
14 196.527300864917 194.10168054913 190.586414200185 197.310515700939 197.29736650785
14.1 198.6491912752 196.125756011134 192.420678105887 199.175124785625 199.081919158036
14.2 200.889985941301 198.254604940465 194.344103991345 201.117716574593 200.933724024414
14.3 203.258130938165 200.494103634007 196.361270225109 203.141976430453 202.855427598806
14.4 205.762467511134 202.850244857224 198.476744847303 205.251545986186 204.849552556126
14.5 208.412197716454 205.329026938481 200.694999359193 207.45001487307 206.9184941611
14.6 211.216843366576 207.936372804146 203.020322118944 209.740883853456 209.064490053029
14.7 214.186238685337 210.677766631645 205.456596672131 212.127653291456 211.289702817905
14.8 217.333965641202 213.562635417699 208.010477728112 214.616187239234 213.598047469069
14.9 220.676718317033 216.603777612879 210.691386193306 217.214375973151 215.99511472888
15 224.232326905739 219.814646989195 213.509646063917 219.930819141104 218.487230292123
15.1 228.018381572557 223.207944607601 216.475149447661 222.773842099672 221.080617092247
15.2 232.051745565209 226.79501051227 219.596774985013 225.750883272558 223.780650621232
15.3 236.348577617866 230.585943003887 222.881976499178 228.868389503839 226.59177168834
15.4 240.92416589772 234.589597957777 226.337138697244 232.13195611544 229.517610023557
15.5 245.793410613659 238.814454513336 229.968266747294 235.546570078869 232.56117871998
15.6 250.971030697781 243.268820696607 233.781212747589 239.11667074622 235.724904892351
15.7 256.471363165644 247.96028841567 237.78123737728 242.846287701741 239.010763017986
15.8 262.307427381076 252.894837698369 241.972278142624 246.738701613819 242.420085806018
15.9 268.490694079441 258.076568792467 246.356594069563 250.796187707364 245.953352427143
16 275.03195830763 263.504542007512 250.933127953049 255.02095174246 249.610902805473
16.1 281.961805188502 269.197181117382 255.713722153235 259.42560329283 253.40022616845
16.2 289.327717419068 275.19784569539 260.726996823727 264.03434982712 257.337783395415
16.3 297.164194922261 281.538391165782 265.996754084014 268.867771991105 261.439078002322
16.4 305.491134550067 288.235819081133 271.53708500414 273.93707111793 265.71328059957
16.5 314.318415488606 295.296315048126 277.35418032162 279.248094243134 270.164895109628
16.6 323.64888297529 302.71936460472 283.446766549302 284.801359347363 274.793736207198
16.7 333.480637526839 310.500149725688 289.809439982938 290.594434839038 279.596802171236
16.8 343.809097624049 318.633717559264 296.438719076604 296.622856441197 284.56984475725
16.9 354.628098849352 327.119101761145 303.333407288914 302.88005014314 289.707141266043
17 365.928423238961 335.948143444161 310.487697331147 309.358994366975 295.002525414638
17.1 377.687793983402 345.100972877388 317.888117651742 316.04904463939 300.447364273745
17.2 389.87723249004 354.550350810398 325.514382003091 322.935661539035 306.030097095289
17.3 402.479531945594 364.262827859523 333.339801840406 330.007674103653 311.741230029722
17.4 415.575075641993 374.270143889656 341.376180123318 337.287012268513 317.589693047589
17.5 429.559501687294 384.828896337822 349.790413142058 344.926308619533 323.661625132196
17.6 444.432919983873 396.026583493322 358.639858756913 352.97977715249 330.002163741171
17.7 460.09116400323 407.835128659849 367.914646097127 361.43128052744 336.611504822134
17.8 476.420262702564 420.180717129885 377.571154012494 370.244140398947 343.471232283446
17.9 493.317759718781 432.991584065598 387.554595860425 379.373189011778 350.5511391625
18 510.692507469176 446.20083599739 397.813338242159 388.780770205387 357.820996978983
18.1 528.460157755755 459.753644660418 408.315727326532 398.422615883397 365.250714956633
18.2 546.537060678791 473.685612898855 419.07809391212 408.257582176434 372.811456817663
18.3 564.847985910694 487.944465908395 430.058109029871 418.247810547189 380.475963117789
18.4 583.225910489242 502.379234022848 441.175628390854 428.331846673154 388.207703508419
18.5 601.492319904008 516.840922427482 452.332955416937 438.445295317492 395.970202967804
18.6 619.57743438131 531.219951286149 463.450527205667 448.545662057764 403.734778614064
18.7 637.707316363484 545.571913258293 474.533818058121 458.659843009004 411.505452482784
18.8 660.788384388102 561.424001111843 486.634246215536 469.772007804842 419.712230255268
18.9 687.393912525726 579.058849053666 499.844330741533 482.039277058137 428.493545932761
19 715.736953256819 598.018757120877 513.852078954058 495.168664350889 437.754281550818
19.1 744.969819780272 617.825845028676 528.364001555014 508.891588586268 447.370075591649
19.2 774.645014307477 638.146905718296 543.168194140659 522.994522995576 457.216361087757
19.3 804.473906819808 658.750768160704 558.115537121137 537.344223539871 467.212576111015
19.4 834.279113399532 679.523662450445 573.134886077517 551.828651302677 477.283635256523
19.5 863.539674039254 700.659984193113 588.454545244859 566.315531524565 487.352423104974
19.6 892.082438788745 721.977717806635 603.904518028943 580.678896631948 497.34581593807
19.7 919.352899825971 743.047993780153 619.250948286107 594.786974123803 507.195644482725
19.8 943.840569548588 763.289307665121 634.152774618485 608.385602951523 516.829580466462
19.9 965.615754156611 782.214369557366 648.286908286119 621.281691517094 526.167775814577
20 989.165181912328 800.782609250361 662.156946283297 633.992636182954 535.359347475675
20.1 1015.09277484692 819.833043187437 676.207330572963 647.083805166401 544.659811934739
20.2 1040.94771376743 839.089684208737 690.333991521312 660.426133901887 554.109799479361
20.3 1063.82143702886 857.495416054796 703.947714516098 673.319275279581 563.404646801045
20.4 1086.13411767415 875.04316622583 716.980004595976 685.77622854414 572.473033939662
20.5 1107.81886493878 891.908050170363 729.520230350993 697.853287944727 581.301046794824
20.6 1128.78542125591 908.157710770034 741.593037869772 709.58725683237 589.893666230202
20.7 1148.9075027501 923.767397555009 753.184899559552 720.972311731039 598.254436600845
20.8 1167.91646131392 938.896412471771 764.469828221735 731.950254519195 606.343786199441
20.9 1185.5522502115 953.498602906823 775.427977938604 742.417949308348 614.102824098986
21 1202.04915671276 967.454263278164 785.979515346468 752.372328593017 621.519090059351
21.1 1214.99708254012 980.118362177083 795.726418549584 761.515057381596 628.507663597141
21.2 1224.99179345183 991.12434309656 804.452938764356 769.679740679314 635.008983427232
21.3 1235.1316816418 1001.16912230702 812.541458813333 777.241843607643 641.135749565492
21.4 1245.41440480069 1010.66860991322 820.13951315889 784.471988125042 646.98617947612
21.5 1253.02277972552 1019.02744922496 826.813365364695 791.038747980711 652.493444010022
21.6 1254.76589790773 1025.03343853206 831.992117982213 796.158688307468 657.303295396319
21.7 1254.18912471063 1028.89994449927 835.784434186229 799.96844367624 661.386501930415
21.8 1252.33188775748 1031.18962577318 838.506571897977 802.766254361827 664.833025919306
21.9 1249.43581997872 1032.28642021238 840.362370989271 804.779634959766 667.740834332031
22 1245.09349137999 1032.26921990175 841.419919244967 806.077404603179 670.174756344292
22.1 1237.85980623415 1030.67759288209 841.411399738934 806.419653122878 672.048874093509
22.2 1229.70307680978 1027.86885947619 840.586112334358 806.029785282905 673.421877293197
22.3 1219.80660407715 1023.9006779055 838.976579065736 804.908094030181 674.303808131992
22.4 1210.02057331057 1019.21402821794 836.78751385931 803.276083886234 674.780915648302
22.5 1199.70957302486 1013.79313827026 833.968168114429 801.179329943055 674.897068585049
22.6 1188.82957517908 1007.75010409663 830.653308816247 798.654380714453 674.685850909477
22.7 1176.92268431849 1001.10665446697 826.872736578369 795.678294813069 674.145319534029
22.8 1164.05892199746 993.754099169316 822.561335122331 792.252235709979 673.279483002649
22.9 1151.80003678052 986.045823308159 817.919097263626 788.534262281229 672.138171015645
23 1138.87689766427 977.833804338972 812.848125068099 784.430082142653 670.691696787457
23.1 1125.22264267891 969.019815657897 807.292127482338 779.901633397271 668.928641998192
23.2 1111.61740818385 959.771993606732 801.334858676539 775.06925950282 666.903005008249
23.3 1097.36527541429 950.063889751544 794.985419336649 769.905909806435 664.607771350862
23.4 1081.33208120856 939.556172411874 788.074240583682 764.191362447664 661.969235087794
23.5 1064.29687871128 928.238578521714 780.595296638003 757.977505668397 658.995145983499
23.6 1045.83654541663 916.132074817017 772.599033804809 751.255079130349 655.681274023754
23.7 1027.70091747085 903.627291923484 764.262027420632 744.239718248753 652.102769011956
23.8 1010.07004555949 891.001493720812 755.72532306238 737.091050179371 648.336118781536
23.9 992.598249924875 878.279707984267 747.026012370518 729.861803293442 644.432910758155
24 975.178815070439 865.448276339898 738.196567888982 722.566196404115 640.416087611926
24.1 957.669780167705 852.447601098597 729.276004795571 715.172109540125 636.279107817339
24.2 940.189055352503 839.381078048488 720.297841236936 707.70232475961 632.034164492924
24.3 922.843648578962 826.324863773261 711.282242217185 700.189027352696 627.698215588205
24.4 905.647030550956 813.309736971226 702.23985942977 692.647427445415 623.282088693924
24.5 888.616532346056 800.345252010201 693.162358399927 685.114385930182 618.817160398157
24.6 871.784200077542 787.460349006404 684.077925415536 677.606857045801 614.316071913312
24.7 855.142540593497 774.667740860636 675.004763215853 670.113607981244 609.773772718667
24.8 838.550265235445 761.912410751232 665.919711120586 662.619849027903 605.193032433926
24.9 822.081799416683 749.209839311371 656.835202815844 655.128771194731 600.577629796448
25 805.779128200463 736.574723136718 647.758375408349 647.649030596247 595.928936668285
25.1 789.7920395662 724.072290995065 638.725529696583 640.217473446041 591.260599903961
25.2 774.159522939974 711.747323301462 629.766335039271 632.865377813821 586.590083099182
25.3 758.88334407825 699.613917129413 620.901160664587 625.613155854707 581.93220886512
25.4 743.934182541007 687.644016273644 612.160506532885 618.463901800671 577.295374634924
25.5 729.271249179407 675.88530654536 603.586925029091 611.40941358264 572.681694534319
25.6 714.98522193828 664.371609140291 595.171878747972 604.468871280685 568.101340816704
25.7 701.116700679744 653.129720087333 586.92000071191 597.661368969004 563.565111215549
25.8 687.683272492521 642.176784304701 578.837514399326 590.998633795079 559.082456779705
25.9 674.694859248543 631.52813573781 570.930815391165 584.495066294439 554.663984467561
26 662.153114832236 621.187561122847 563.204950645798 578.153350466419 550.315737766216
26.1 650.046326916132 611.150545114741 555.662056548744 571.973389527781 546.040583768299
26.2 638.365995376386 601.411934093602 548.300980505378 565.955605767393 541.841733230987
26.3 627.099291290449 591.963367414626 541.118258812416 560.098671585524 537.720655559036
26.4 616.245822029595 582.803239392165 534.11484132484 554.401974773811 533.678420695362
26.5 605.803211059376 573.932365738848 527.292552347002 548.866181294533 529.717347282133
26.6 595.766593429683 565.353138092479 520.656297354132 543.492656739522 525.840084117414
26.7 586.129134534746 557.067656249358 514.207965935524 538.280812644053 522.048376913617
26.8 576.886612528431 549.103211858429 507.956907705345 533.230247243665 518.343860393774
26.9 568.02403549103 541.439565237028 501.901133730968 528.338852855954 514.727113314615
27 559.53258992445 534.059127567953 496.035293067471 523.603800788679 511.197728712831
27.1 551.403456832407 526.952155520933 490.355261057176 519.022814303651 507.755703952956
27.2 543.626644169271 520.111356133249 484.857441815447 514.593670363222 504.401276846158
27.3 536.191310809713 513.529896569382 479.538331578394 510.313888996422 501.134385239713
27.4 529.085623859003 507.200269493264 474.394366832796 506.180221964058 497.954770729879
27.5 522.296824688048 501.114326734449 469.421225604065 502.188922872079 494.861502581469
27.6 515.81192018298 495.263408212135 464.614150876797 498.33584443639 491.853418631421
27.7 509.618179534215 489.638949749776 459.968362785345 494.616674027096 488.928879245233
27.8 503.703461648682 484.232861721521 455.479029219608 491.027099481514 486.086107135879
27.9 498.056026970148 479.037466923888 451.141654310976 487.563294097927 483.323514469635
28 492.664539623743 474.045695974752 446.952040596859 484.221057282692 480.639318361959
28.1 487.517903188815 469.249898861187 442.905621360048 480.996540408315 478.031834197518
28.2 482.605224262384 464.642467430439 438.998532053436 477.885684412535 475.499226956188
28.3 477.91603385291 460.217885658535 435.227271849603 474.88459578477 473.039703793266
28.4 473.440094178133 455.969529972345 431.588147543269 471.989002595799 470.651206725772
28.5 469.167511977724 451.890847145101 428.077240478414 469.194930786463 468.331726895022
28.6 465.088607654192 447.975258666475 424.689961147453 466.498586686027 466.079323238597
28.7 461.194043591895 444.216614098912 421.422005627831 463.89630427278 463.89209425626
28.8 457.474559576544 440.607638206518 418.268955576054 461.38442029521 461.768119972149
28.9 453.921274206665 437.141756945569 415.22654261428 458.959335164909 459.70546542383
29 450.52550625728 433.812388181318 412.290379934393 456.617500743719 457.702184857043
29.1 447.279072300324 430.613513740635 409.456304322382 454.355459223052 455.756317679815
29.2 444.17403892385 427.539061605195 406.720134984469 452.16984013998 453.865911109097
29.3 441.202947668149 424.583422351107 404.077899913575 450.057423278438 452.029065308656
29.4 438.358907382252 421.741438283289 401.525935766115 448.01513988453 450.243934338893
29.5 435.635115927959 419.007430475109 399.060531226283 446.04012279 448.508760569181
29.6 433.024826013058 416.376251063425 396.678080818339 444.12937182345 446.821739423096
29.7 430.521823550072 413.843114665345 394.375308229715 442.280045036693 445.181115706494
29.8 428.120340490728 411.403595836148 392.149255352324 440.489443160086 443.585186100534
29.9 425.815006158007 409.053672190306 389.99701362977 438.755013839709 442.032314026313
30 423.60067582925 406.789368686318 387.915392378284 437.074323905886 440.520926407864
30.1 421.472508064716 404.607158051983 385.901456513401 435.445061742536 439.04951199934
30.2 419.425817528422 402.502768624118 383.952436616779 433.864983208458 437.616599424866
30.3 417.456211903823 400.472394647528 382.065673664247 432.331937807017 436.220764571989
30.4 415.559517966633 398.512475742988 380.238543390695 430.843866350535 434.860629032514
30.5 413.731833358632 396.619723326991 378.468462287306 429.398804123815 433.534860801582
30.6 411.96941797858 394.790909387246 376.753008978728 427.994866557386 432.242169921066
30.7 410.268894981924 393.023130112994 375.089694263661 426.630275399637 430.98132041667
30.8 408.627013276003 391.313452093632 373.476368498268 425.303338468107 429.751125364015
30.9 407.040764947753 389.658870619575 371.910863588377 424.012546231013 428.550490643295
31 405.507053133293 388.056637048156 370.391243347384 422.756315138687 427.378308175511
31.1 404.022992045371 386.504429602656 368.915682627338 421.53307921099 426.233481069162
31.2 402.585974092612 384.999991397987 367.482401127034 420.341390503013 425.114966597697
31.3 401.193588782194 383.54117808708 366.089678037124 419.179899608296 424.021776593802
31.4 399.843582864099 382.125948641427 364.735882976908 418.047332672249 422.952969642665
31.5 398.533844306644 380.75236146816 363.419450173891 416.942501419821 421.907655436497
31.6 397.262386812715 379.418550789982 362.138923403914 415.864249734096 420.884973338712
31.7 396.027343776304 378.122756667853 360.892899754257 414.811486648308 419.884100898237
31.8 394.82695910319 376.863310894599 359.680020290101 413.783177915809 418.904261911948
31.9 393.659579049409 375.638626038488 358.498978359915 412.778343481609 417.944714731833
32 392.523644130031 374.44719181673 357.348517311742 411.796044319407 417.00472474344
32.1 391.417683338517 373.287557524536 356.22743030139 410.835384129588 416.083592385767
32.2 390.340312256643 372.158355950531 355.134573084704 409.89551088353 415.180650482081
32.3 389.290225630741 371.058247435035 354.068839231257 408.975616045009 414.295262261369
32.4 388.266193606823 369.985977144478 353.029180817101 408.074932595969 413.426821586854
32.5 387.267065783381 368.940479563442 352.014626142969 407.192729312602 412.574744032426
32.6 386.291667361286 367.920613387931 351.024223467052 406.328360254828 411.738519681214
32.7 385.338994111436 366.925358983283 350.057073009932 405.48113012779 410.917591301291
32.8 384.408080996623 365.953753076216 349.112322215094 404.650368127955 410.111423581812
32.9 383.498065575396 365.004876527447 348.189157404104 403.835475019958 409.319509852355
33 382.608092038812 364.077847480916 347.286802983758 403.035866529938 408.541371371411
33.1 381.737350081274 363.171825000826 346.404517989524 402.250991617038 407.776551651786
33.2 380.885088534059 362.286011085791 345.541593113065 401.480346862017 407.024618440571
33.3 380.050564672231 361.41963420605 344.697345856213 400.723398858361 406.285155569859
33.4 379.233092174515 360.571967224412 343.871122200215 399.97969250877 405.55776300031
33.5 378.432030675142 359.742318487083 343.06229631821 399.248781849596 404.842056435741
33.6 377.646762446119 358.930025125545 342.270267407018 398.530209507684 404.137679777814
33.7 376.876686950592 358.134449174247 341.494457101002 397.823534423783 403.444281792165
33.8 376.121248910253 357.354984054366 340.734311141533 397.128385981876 402.76151399138
33.9 375.37992186396 356.591060254181 339.989302859458 396.444397998842 402.089040060093
34 374.652206724483 355.842135302933 339.258929655817 395.771213922818 401.42654608874
34.1 373.937623018317 355.107689416365 338.542709931141 395.108482790097 400.773725543797
34.2 373.235719171232 354.387227285063 337.840182767389 394.455878127654 400.130291786112
34.3 372.545970780708 353.680205832039 337.150886816686 393.81310710976 399.495995692336
34.4 371.867975719356 352.986176494602 336.474392410573 393.179848411701 398.870555180949
34.5 371.201341528793 352.304725971174 335.810295554834 392.555775673249 398.253695555017
34.6 370.545732071538 351.635455767117 335.15821167665 391.940615624179 397.645162930896
34.7 369.900801909905 350.977978986182 334.517771202164 391.334098280672 397.044715169406
34.8 369.266190653128 350.331915907133 333.88861589392 390.735943880624 396.452115378572
34.9 368.641587676264 349.696906449026 333.270402062776 390.145919998436 395.867141287397
35 368.02668649072 349.072604866755 332.662799148642 389.563794850564 395.289580848409
35.1 367.421154432703 348.458665001611 332.065484405127 388.989268834095 394.719213972117
35.2 366.824716865186 347.854768766946 331.478149967219 388.42217226608 394.155848638012
35.3 366.237108710685 347.260612541658 330.900501200515 387.862303812231 393.599295948628
35.4 365.658062360767 346.675900101218 330.33225379172 387.30943275605 393.049371461446
35.5 365.087308325341 346.100343471224 329.773132655467 386.763336495124 392.505885627996
35.6 364.524605034625 345.533669533544 329.222873786619 386.22383217734 391.968654805689
35.7 363.969720452857 344.9756174717 328.681223727369 385.690756602361 391.437513017975
35.8 363.422434229847 344.425937647061 328.147939046086 385.163943669937 390.912304059173
35.9 362.882526970084 343.884388384024 327.622784962481 384.643221665675 390.392869434656
36 362.349785437458 343.350729793775 327.105531858568 384.128424218804 389.879062384726
36.1 361.824010207545 342.824737699907 326.595960217739 383.61939572753 389.370731419985
36.2 361.305006447779 342.30619635321 326.093859012034 383.115978189949 388.867725221596
36.3 360.792589710299 341.79489912961 325.599025477494 382.618028748595 388.369906395371
36.4 360.28658080865 341.290646895491 325.111264185348 382.125403666071 387.877146911534
36.5 359.786805666831 340.793246866037 324.63038618194 381.637963751995 387.389323101361
36.6 359.293097223103 340.302513193513 324.156208985745 381.155575345608 386.906311290914
36.7 358.805292467615 339.81826615255 323.688556193697 380.67810736194 386.427991333893
36.8 358.323234167401 339.340331302007 323.227256927689 380.205428685042 385.954244614897
36.9 357.846769959689 338.86853991314 322.772145782 379.737415154133 385.484955244741
37 357.375756428004 338.402730745168 322.323063425205 379.273956827411 385.020016831386
37.1 356.910056265439 337.942748992311 321.879856343463 378.814944729992 384.559327049923
37.2 356.449533842632 337.488443997047 321.442375843846 378.360268701091 384.102779365343
37.3 355.994056935129 337.039669787557 321.01047792675 377.909819506075 383.650272528054
37.4 355.543498754498 336.596285395571 320.584023333364 377.463490414088 383.20170706476
37.5 355.09773696308 336.158154991448 320.162877499892 377.021183831288 382.756994106223
37.6 354.656653199473 335.725147153974 319.746910185327 376.582803843336 382.316043604867
37.7 354.220132174087 335.297134166001 319.335994981749 376.148257066392 381.878767902281
37.8 353.788063760842 334.873993080031 318.930009678801 375.717454791348 381.445083552057
37.9 353.360341135366 334.455605093707 318.528836070251 375.290310069361 381.014908327212
38 352.936860605406 334.041855150733 318.132359728549 374.866736443187 380.58815823818
38.1 352.517521462702 333.632631786674 317.740469799578 374.446651017173 380.164755167006
38.2 352.102225924391 333.227826979495 317.35305882835 374.029973668791 379.744624115718
38.3 351.690879693031 332.827336258 316.970022727017 373.616627223305 379.327692715171
38.4 351.28339160133 332.431058560363 316.591260678298 373.206536914963 378.913890586896
38.5 350.879671951641 332.038895510878 316.216674780914 372.799628452157 378.503147761875
38.6 350.479634161232 331.650751603199 315.846169980619 372.395830029191 378.09539652097
38.7 350.083194521757 331.266534421484 315.479654123819 371.995072715771 377.690571319391
38.8 349.690271697564 330.886154418909 315.117037862447 371.597289273713 377.288608183214
38.9 349.300787069188 330.509524831186 314.758234552378 371.202414620235 376.88944534363
39 348.914664537912 330.136561552352 314.403160138222 370.810385690962 376.493022999318
39.1 348.53183038397 329.767183062695 314.051733076709 370.421141147009 376.099282836128
39.2 348.15221286802 329.401310227374 313.703874211462 370.034621001925 375.708167849148
39.3 347.775742538436 329.038866299685 313.359506688961 369.650767644859 375.319623413878
39.4 347.402351780002 328.679776749678 313.018555856471 369.269524801394 374.933596214434
39.5 347.031974933708 328.323969213637 312.680949198817 368.890837793701 374.550034245292
39.6 346.6645483714 327.971373499046 312.346616306609 368.514653677989 374.168887086522
39.7 346.300010386411 327.621921516649 312.015488819959 368.140921123446 373.790105819243
39.8 345.938300938784 327.275547111679 311.687500326115 367.769589831433 373.413642247973
39.9 345.579361631963 326.932185994965 311.362586281163 367.400610887211 373.039449664744
40 345.223135723212 326.591775712608 311.040683955848 367.03393687015 372.667482865056
40.1 344.869567986305 326.254255433978 310.721732224598 366.669521706616 372.297697940519
40.2 344.518604608485 325.919565827638 310.405671412271 366.30732049333 371.930052093951
40.3 344.170192778167 325.587648759794 310.092443043426 365.947289033989 371.564503160346
40.4 343.824280732079 325.258447167648 309.781989659102 365.589384046756 371.201009830303
40.5 343.480817609115 324.931904909106 309.474254644294 365.233562989248 370.839531465793
40.6 343.139753131668 324.607966535113 309.169182031636 364.879783715734 370.480027783579
40.7 342.801037432914 324.286577101369 308.866716322062 364.528004335545 370.122458746988
40.8 342.46462096546 323.967682038195 308.566802344597 364.178183134747 369.766784428027
40.9 342.130454390527 323.651227025189 308.269385132754 363.830278433848 369.412964856594
41 341.79848843388 323.337157876794 307.974409820461 363.484248443671 369.060959873034
41.1 341.468673843012 323.025420473564 307.681821568961 363.140051248419 368.710729164592
41.2 341.140961305261 322.715960700165 307.391565512598 362.797644687827 368.362232156485
41.3 340.815301374891 322.408724397378 307.103586722708 362.456986275538 368.015427897529
41.4 340.491644376688 322.103657310472 306.817830179408 362.11803308286 367.670274921243
41.5 340.169940384179 321.800705068774 306.534240762521 361.780741716501 367.326731222462
41.6 339.85013916734 321.499813164614 306.252763251194 361.445068216618 366.98475414119
41.7 339.532190162656 321.200926947392 305.973342334699 361.110968040538 366.644300377476
41.8 339.21604249159 320.903991644647 305.695922640353 360.778396098814 366.305326029373
41.9 338.901644984325 320.608952393624 305.420448772914 360.447306768054 365.967786587632
42 338.588946199842 320.315754275628 305.146865360263 360.117653894981 365.631636938512
42.1 338.277894474001 320.024342365574 304.875117109516 359.789390832611 365.296831397682
42.2 337.968437986811 319.734661797191 304.605148874025 359.462470507224 364.963323785485
42.3 337.660524812056 319.446657824416 304.336905721781 359.136845461991 364.631067470331
42.4 337.35410298811 319.160275892539 304.070333009195 358.812467931205 364.300015445454
42.5 337.049120587318 318.875461712402 303.805376458103 358.489289908336 363.970120397725
42.6 336.745525774279 318.592161331795 303.541982232745 358.167263202913 363.641334763251
42.7 336.443266867422 318.31032120477 303.28009701532 357.846339502846 363.313610779268
42.8 336.142292425045 318.029888268478 303.019668083208 357.526470463337 362.986900572981
42.9 335.842551350393 317.750810029284 302.760643389158 357.207607817951 362.661156283125
43 335.543992991763 317.473034648981 302.502971640793 356.889703486901 362.336330176071
43.1 335.246567230336 317.196511024874 302.246602375952 356.572709671731 362.01237474072
43.2 334.950224561545 316.921188863412 301.991486032453 356.256578943209 361.689242778743
43.3 334.654916171696 316.64701874933 301.737574012734 355.941264331177 361.366887498382
43.4 334.360594009603 316.373952210077 301.484818743417 355.626719411106 361.045262604366
43.5 334.067210852462 316.101941773631 301.233173728661 355.312898382795 360.724322379594
43.6 333.774720364024 315.830941019494 300.982593597145 354.99975613927 360.404021754623
43.7 333.483077146958 315.560904623646 300.733034142991 354.687248330473 360.084316373712
43.8 333.192236792146 315.291788398219 300.484452360883 354.375331424963 359.765162660777
43.9 332.902155929324 315.023549328351 300.236806476582 354.063962774883 359.44651788955
44 332.612792275737 314.756145605797 299.990055973064 353.753100678602 359.128340250847
44.1 332.324104678068 314.489536657209 299.744161611548 353.442704435441 358.810588910911
44.2 332.03605314231 314.223683164476 299.499085446219 353.132734386589 358.493224055949
44.3 331.748598855809 313.958547078003 299.254790832804 352.823151948051 358.176206928103
44.4 331.461704205674 313.694091625183 299.011242432108 352.513919640288 357.859499856198
44.5 331.175332797314 313.430281316422 298.768406209943 352.20500111844 357.543066288246
44.6 330.889449473663 313.167081949851 298.526249434401 351.896361203657 357.226870826628
44.7 330.604020331998 312.904460614009 298.284740670598 351.587965912047 356.910879261455
44.8 330.319012736263 312.642385687522 298.043849772662 351.279782478913 356.595058598932
44.9 330.034395323564 312.380826834943 297.803547872679 350.971779376417 356.279377082116
45 329.750138004858 312.119754998567 297.563807366524 350.663926324574 355.963804204438
45.1 329.466211960459 311.85914238634 297.324601896667 350.356194296211 355.648310716867
45.2 329.182589630547 311.598962456112 297.085906332119 350.048555516062 355.332868628894
45.3 328.899244701655 311.339189896696 296.847696745833 349.740983455053 355.017451204307
45.4 328.616152090079 311.079800606278 296.609950389912 349.433452820826 354.702032953079
45.5 328.333287923264 310.82077166883 296.372645669041 349.125939545623 354.386589620587
45.6 328.050629520216 310.562081329293 296.13576211267 348.818420772709 354.071098175111
45.7 327.76815537184 310.303708968275 295.899280346478 348.510874842354 353.755536795013
45.8 327.485845121354 310.045635076617 295.663182063484 348.203281277615 353.439884855914
45.9 327.20367954432 309.787841229814 295.427449994945 347.89562076942 353.12412291724
46 326.921640527645 309.530310062003 295.192067881024 347.587875160173 352.808232707144
46.1 326.639711047061 309.273025239258 294.957020441133 347.280027425335 352.492197105149
46.2 326.357875142757 309.015971431962 294.722293343872 346.972061652571 352.176000122081
46.3 326.076117892941 308.759134286098 294.487873176478 346.663963018174 351.859626876973
46.4 325.794425385747 308.502500393618 294.25374741387 346.355717761322 351.543063571548
46.5 325.512784690318 308.246057262291 294.019904387489 346.047313157127 351.226297463428
46.6 325.231183827708 307.989793285451 293.786333254186 345.738737489282 350.909316838933
46.7 324.949611741923 307.733697711931 293.553023965377 345.429980022611 350.592110985816
46.8 324.66805827114 307.4777606163 293.319967236578 345.121030975628 350.27467016598
46.9 324.386514119125 307.221972869485 293.087154517419 344.811881493081 349.956985588136
47 324.104970826786 306.966326109769 292.85457796217 344.502523618445 349.639049380348
47.1 323.823420743879 306.710812714197 292.622230400825 344.192950266366 349.320854562469
47.2 323.541857000922 306.455425770421 292.390105310765 343.883155195137 349.002395018541
47.3 323.260273481405 306.200159049018 292.158196789046 343.573132979295 348.683665469278
47.4 322.978664794351 305.945006976338 291.926499525332 343.262878982406 348.364661444687
47.5 322.697026247278 305.689964607903 291.695008775508 342.952389330104 348.045379256906
47.6 322.415353819617 305.435027602401 291.46372033599 342.641660883417 347.725815973295
47.7 322.133644136597 305.180192196276 291.232630518741 342.330691212445 347.405969389843
47.8 321.851894443651 304.925455178949 291.001736127017 342.019478570411 347.085838004918
47.9 321.570102581342 304.670813868676 290.771034431835 341.708021868107 346.76542099339
48 321.288266960821 304.416266089044 290.54052314917 341.396320648763 346.444718181141
48.1 321.006386539828 304.161810146102 290.310200417885 341.084375063333 346.12373001997
48.2 320.724460799216 303.907444806126 290.080064778361 340.772185846191 345.802457562888
48.3 320.442489719992 303.653169273996 289.850115151845 340.459754291253 345.480902439797
48.4 320.160473760874 303.39898317219 289.620350820483 340.147082228492 345.159066833556
48.5 319.878413836345 303.144886520362 289.390771408026 339.834172000868 344.836953456419
48.6 319.596311295202 302.890879715501 289.161376861198 339.521026441647 344.514565526861
48.7 319.314167899596 302.636963512665 288.932167431704 339.207648852133 344.191906746776
48.8 319.031985804556 302.383139006266 288.703143658866 338.8940429798 343.868981279075
48.9 318.749767538015 302.129407611917 288.474306352873 338.580212996854 343.545793725682
49 318.467515981322 301.875771048809 288.245656578633 338.266163479214 343.222349105955
49.1 318.185234350269 301.62223132264 288.0171956402 337.951899385943 342.898652835533
49.2 317.902926176609 301.368790709079 287.788925065794 337.637426039136 342.574710705643
49.3 317.620595290104 301.115451737751 287.560846593366 337.322749104276 342.250528862865
49.4 317.338245801087 300.862217176757 287.332962156722 337.007874571079 341.926113789389
49.5 317.05588208354 300.609090017719 287.105273872187 336.692808734829 341.601472283763
49.6 316.773508758709 300.356073461332 286.877784025791 336.377558178217 341.276611442147
49.7 316.491130679238 300.103170903437 286.650495060979 336.062129753697 340.951538640081
49.8 316.208752913833 299.850385921599 286.423409566819 335.746530566352 340.626261514787
49.9 315.926380732445 299.597722262177 286.196530266702 335.430767957281 340.300787947984
50 315.644019591974 299.345183827889 285.96986000753 335.114849487506 339.975126049234
50.1 315.361675122484 299.09277466586 285.743401749359 334.798782922401 339.649284139828
50.2 315.079353113933 298.840498956133 285.517158555507 334.48257621663 339.323270737182
50.3 314.797059503385 298.588361000654 285.291133583099 334.166237499608 338.997094539767
50.4 314.514800362728 298.336365212699 285.065330074041 333.849775061454 338.670764412555
50.5 314.232581886859 298.084516106744 284.839751346408 333.533197339457 338.344289372969
50.6 313.950410382347 297.832818288765 284.614400786239 333.216512905025 338.017678577348
50.7 313.668292256546 297.581276446949 284.389281839715 332.899730451121 337.690941307899
50.8 313.386234007161 297.329895342824 284.16439800572 332.582858780174 337.364086960141
50.9 313.104242212252 297.078679802764 283.939752828758 332.265906792452 337.037125030823
51 312.822323520648 296.827634709894 283.715349892229 331.948883474894 336.710065106311
51.1 312.540484642791 296.576764996353 283.491192812034 331.631797890379 336.382916851435
51.2 312.258732341969 296.326075635921 283.267285230517 331.314659167441 336.055689998776
51.3 311.97707342594 296.075571636992 283.04363081071 330.997476490394 335.728394338399
51.4 311.695514738936 295.825258035882 282.820233230884 330.68025908988 335.401039708001
51.5 311.414063154029 295.575139890459 282.597096179396 330.363016233814 335.073635983483
51.6 311.132725565852 295.325222274095 282.374223349809 330.045757218724 334.746193069917
51.7 310.851508883665 295.075510269907 282.151618436282 329.728491361464 334.418720892919
51.8 310.570420024753 294.826008965304 281.929285129215 329.41122799131 334.091229390389
51.9 310.289465908144 294.576723446807 281.707227111155 329.093976442403 333.763728504636
52 310.008653448635 294.327658795141 281.485448052917 328.776746046548 333.436228174857
52.1 309.727989551128 294.078820080595 281.263951609955 328.45954612635 333.10873832997
52.2 309.447481105243 293.830212358624 281.04274141894 328.142385988681 332.781268881789
52.3 309.167134980225 293.581840665705 280.821821094544 327.825274918465 332.453829718525
52.4 308.886958020111 293.33371001542 280.601194226437 327.508222172766 332.126430698612
52.5 308.606957039162 293.085825394762 280.380864376468 327.191236975188 331.799081644843
52.6 308.327138817554 292.838191760665 280.160835076026 326.874328510552 331.471792338804
52.7 308.047510097296 292.590814036736 279.941109823589 326.557505919865 331.144572515605
52.8 307.768077578402 292.343697110188 279.721692082429 326.240778295547 330.817431858886
52.9 307.488847915272 292.096845828965 279.502585278488 325.924154676934 330.490379996105
53 307.209827713299 291.850264999054 279.283792798399 325.607644046028 330.163426494081
53.1 306.931023525685 291.60395938197 279.065317987662 325.291255323488 329.836580854795
53.2 306.652441850456 291.357933692412 278.847164148953 324.974997364866 329.509852511443
53.3 306.374089127672 291.112192596085 278.629334540573 324.658878957067 329.183250824714
53.4 306.095971736822 290.866740707671 278.41183237502 324.342908815024 328.856785079314
53.5 305.818095994399 290.62158258896 278.194660817686 324.027095578597 328.530464480694
53.6 305.540468151649 290.376722747112 277.977822985669 323.711447809662 328.204298152006
53.7 305.263094392478 290.132165633064 277.761321946696 323.395973989408 327.878295131253
53.8 304.985980831527 289.88791564007 277.54516071815 323.080682515819 327.552464368643
53.9 304.709133512387 289.643977102356 277.329342266197 322.765581701336 327.226814724135
54 304.432558405975 289.400354293905 277.113869505012 322.450679770696 326.901354965159
54.1 304.156261409032 289.157051427353 276.898745296091 322.135984858943 326.576093764522
54.2 303.880248342766 288.914072652992 276.683972447649 321.821505009591 326.251039698474
54.3 303.60452495162 288.671422057879 276.469553714106 321.507248172951 325.926201244946
54.4 303.329096902158 288.429103665047 276.255491795644 321.193222204604 325.601586781933
54.5 303.053969782075 288.187121432806 276.041789337837 320.879434864011 325.277204586034
54.6 302.779149099313 287.945479254134 275.828448931358 320.565893813267 324.953062831131
54.7 302.504640281283 287.704180956162 275.615473111741 320.252606615984 324.629169587207
54.8 302.230448674189 287.463230299727 275.402864359219 319.939580736293 324.305532819292
54.9 301.956579542452 287.222630979017 275.190625098604 319.626823537972 323.982160386537
55 301.683038068226 286.982386621278 274.978757699242 319.314342283686 323.65906004141
55.1 301.40982935099 286.7425007866 274.767264475002 319.002144134335 323.336239428996
55.2 301.136958407244 286.502976967759 274.556147684328 318.690236148508 323.013706086422
55.3 300.864430170264 286.263818590134 274.345409530331 318.37862528203 322.691467442371
55.4 300.592249489944 286.025029011673 274.135052160929 318.067318387617 322.369530816702
55.5 300.32042113271 285.78661152292 273.92507766902 317.756322214602 322.047903420171
55.6 300.04894978149 285.548569347097 273.715488092709 317.445643408764 321.726592354226
55.7 299.777840035764 285.31090564023 273.506285415551 317.135288512227 321.4056046109
55.8 299.507096411663 285.07362349133 273.297471566849 316.825263963439 321.084947072784
55.9 299.236723342129 284.836725922611 273.089048421968 316.51557609723 320.764626513071
56 298.96672517713 284.600215889752 272.881017802683 316.206231144928 320.44464959568
56.1 298.697106183924 284.364096282206 272.673381477564 315.897235234551 320.125022875441
56.2 298.427870547377 284.128369923534 272.466141162368 315.588594391059 319.805752798356
56.3 298.159022370315 283.893039571781 272.259298520475 315.280314536656 319.486845701912
56.4 297.890565673933 283.658107919883 272.052855163332 314.972401491162 319.168307815462
56.5 297.622504398226 283.423577596102 271.846812650922 314.664860972427 318.850145260647
56.6 297.354842402479 283.189451164493 271.641172492256 314.357698596793 318.532364051889
56.7 297.087583465776 282.955731125397 271.435936145872 314.050919879616 318.214970096916
56.8 296.820731287543 282.72241991595 271.231105020365 313.744530235811 317.897969197344
56.9 296.554289488133 282.489519910632 271.026680474915 313.438534980456 317.581367049295
57 296.288261609424 282.257033421814 270.82266381984 313.132939329426 317.265169244061
57.1 296.022651115458 282.024962700347 270.619056317159 312.827748400059 316.949381268799
57.2 295.757461393091 281.793309936153 270.415859181159 312.522967211867 316.634008507273
57.3 295.492695752678 281.562077258839 270.213073578982 312.218600687267 316.319056240613
57.4 295.228357428771 281.331266738324 270.010700631212 311.914653652344 316.004529648119
57.5 294.964449580837 281.100880385483 269.808741412474 311.611130837647 315.690433808085
57.6 294.700975293996 280.870920152794 269.607196952039 311.308036878997 315.376773698653
57.7 294.437937579775 280.641387935009 269.406068234435 311.005376318334 315.063554198688
57.8 294.175339376875 280.412285569826 269.205356200061 310.70315360457 314.750780088681
57.9 293.913183551952 280.183614838568 269.005061745808 310.401373094473 314.438456051665
58 293.651472900409 279.955377466882 268.805185725682 310.100039053559 314.126586674155
58.1 293.390210147201 279.727575125428 268.605728951427 309.799155657006 313.815176447108
58.2 293.129397947647 279.50020943059 268.406692193157 309.498726990585 313.504229766887
58.3 292.869038888249 279.273281945179 268.20807617998 309.198757051592 313.193750936251
58.4 292.609135487524 279.046794179146 268.00988160063 308.89924974981 312.883744165352
58.5 292.349690196836 278.8207475903 267.812109104099 308.60020890846 312.574213572742
58.6 292.090705401236 278.595143585025 267.61475930026 308.301638265184 312.265163186397
58.7 291.832183420306 278.369983519001 267.417832760502 308.003541473012 311.956596944734
58.8 291.574126509008 278.145268697922 267.221330018351 307.70592210136 311.648518697657
58.9 291.31653685853 277.921000378222 267.025251570101 307.408783637012 311.34093220759
59 291.05941659714 277.697179767794 266.829597875431 307.112129485122 311.033841150524
59.1 290.802767791038 277.473808026709 266.634369358029 306.815962970211 310.72724911707
59.2 290.54659244521 277.250886267942 266.439566406208 306.520287337173 310.421159613508
59.3 290.290892504278 277.028415558085 266.245189373521 306.225105752277 310.115576062845
59.4 290.035669853353 276.806396918062 266.051238579368 305.930421304173 309.810501805871
59.5 289.780926318886 276.584831323846 265.857714309605 305.6362370049 309.505940102215
59.6 289.526663669512 276.363719707167 265.664616817144 305.342555790893 309.201894131402
59.7 289.2728836169 276.143062956221 265.471946322554 305.049380523983 308.89836699391
59.8 289.019587816592 275.922861916367 265.279703014649 304.756713992404 308.595361712224
59.9 288.766777868841 275.703117390833 265.087887051079 304.464558911792 308.292881231885
60 288.514455319446 275.483830141409 264.896498558908 304.172917926184 307.990928422543
