  1.000000000000000E-01   1.499373371077113E+02   1.499421672787783E+02   1.499611848536625E+02   1.499540858218920E+02   1.499777943471307E+02
  2.000000000000000E-01   1.498862693936180E+02   1.498967444396874E+02   1.499195416768217E+02   1.499169676558022E+02   1.499504961265162E+02
  3.000000000000000E-01   1.498448153525439E+02   1.498577479264975E+02   1.498812667653249E+02   1.498831320631558E+02   1.499220156405999E+02
  4.000000000000000E-01   1.498089113177701E+02   1.498229173487288E+02   1.498465213402806E+02   1.498514701377730E+02   1.498934449112684E+02
  5.000000000000000E-01   1.497763081175050E+02   1.497908830273850E+02   1.498146121585207E+02   1.498213181998884E+02   1.498651041538800E+02
  6.000000000000000E-01   1.497458110667204E+02   1.497607870390327E+02   1.497848746014390E+02   1.497922405314754E+02   1.498370724635019E+02
  7.000000000000000E-01   1.497167501053338E+02   1.497320855763879E+02   1.497567931020322E+02   1.497639565718032E+02   1.498093501168055E+02
  7.999999999999999E-01   1.496887234303992E+02   1.497044228128390E+02   1.497299856413063E+02   1.497362815364227E+02   1.497819128671772E+02
  8.999999999999999E-01   1.496614745101890E+02   1.496775570164016E+02   1.497041709535256E+02   1.497090888768553E+02   1.497547313470490E+02
  9.999999999999999E-01   1.496348308297876E+02   1.496513184354648E+02   1.496791408856888E+02   1.496822889414205E+02   1.497277783016751E+02
  1.100000000000000E+00   1.496086719231571E+02   1.496255849743018E+02   1.496547402937078E+02   1.496558170044786E+02   1.497010312828765E+02
  1.200000000000000E+00   1.495829118249462E+02   1.496002676893601E+02   1.496308529858954E+02   1.496296263593996E+02   1.496744735771836E+02
  1.300000000000000E+00   1.495574889269702E+02   1.495753018075627E+02   1.496073919571234E+02   1.496036841603950E+02   1.496480944532522E+02
  1.400000000000000E+00   1.495323598192466E+02   1.495506409562386E+02   1.495842925657342E+02   1.495779688134909E+02   1.496218891719190E+02
  1.500000000000000E+00   1.495074953858156E+02   1.495262533363913E+02   1.495615077202022E+02   1.495524682850829E+02   1.495958589392749E+02
  1.600000000000000E+00   1.494828782349027E+02   1.495021191192658E+02   1.495390044479228E+02   1.495271789798989E+02   1.495700108694273E+02
  1.700000000000000E+00   1.494585009603642E+02   1.494782286394963E+02   1.495167614252568E+02   1.495021049873581E+02   1.495443579746792E+02
  1.800000000000000E+00   1.494343649438075E+02   1.494545811187679E+02   1.494947671825028E+02   1.494772575690167E+02   1.495189191800497E+02
  1.900000000000001E+00   1.494104795110290E+02   1.494311837504723E+02   1.494730187864300E+02   1.494526548042826E+02   1.494937193516108E+02
  2.000000000000000E+00   1.493868613239972E+02   1.494080510325171E+02   1.494515208633951E+02   1.494283213392693E+02   1.494687893271150E+02
  2.100000000000001E+00   1.493635339314998E+02   1.493852042709304E+02   1.494302848662548E+02   1.494042882005352E+02   1.494441659387895E+02
  2.200000000000001E+00   1.493405274258254E+02   1.493626712001063E+02   1.494093285157226E+02   1.493805926466378E+02   1.494198920206050E+02
  2.300000000000001E+00   1.493178781697119E+02   1.493404856816280E+02   1.493886753660852E+02   1.493572780386065E+02   1.493960163945887E+02
  2.400000000000001E+00   1.492956285676934E+02   1.493186874546816E+02   1.493683544591062E+02   1.493343937163610E+02   1.493725938328255E+02
  2.500000000000001E+00   1.492738268638176E+02   1.492973219190457E+02   1.493484000397499E+02   1.493119948722218E+02   1.493496849933766E+02
  2.600000000000001E+00   1.492525269525418E+02   1.492764399371515E+02   1.493288513143748E+02   1.492901424158491E+02   1.493273563296360E+02
  2.700000000000001E+00   1.492317881951190E+02   1.492560976459022E+02   1.493097522375372E+02   1.492689028270877E+02   1.493056799735414E+02
  2.800000000000001E+00   1.492116752224256E+02   1.492363562732650E+02   1.492911513175428E+02   1.492483479946898E+02   1.492847335933629E+02
  2.900000000000001E+00   1.491922577584677E+02   1.492172819518934E+02   1.492731014341156E+02   1.492285550432818E+02   1.492646002295353E+02
  3.000000000000001E+00   1.491736104434630E+02   1.491989455257971E+02   1.492556596605084E+02   1.492096061422785E+02   1.492453681103609E+02
  3.100000000000001E+00   1.491558126302801E+02   1.491814223584936E+02   1.492388870894958E+02   1.491915883036883E+02   1.492271304511053E+02
  3.200000000000002E+00   1.491389481719837E+02   1.491647921418484E+02   1.492228486649998E+02   1.491745931757778E+02   1.492099852420395E+02
  3.300000000000002E+00   1.491231052150990E+02   1.491491387040079E+02   1.492076130183606E+02   1.491587168339383E+02   1.491940350308096E+02
  3.400000000000002E+00   1.491083759992337E+02   1.491345498188432E+02   1.491932523091068E+02   1.491440595711952E+02   1.491793867039813E+02
  3.500000000000002E+00   1.490948566631977E+02   1.491211170201527E+02   1.491798420716261E+02   1.491307256919570E+02   1.491661512717757E+02
  3.600000000000002E+00   1.490826470546175E+02   1.491089354230636E+02   1.491674610685444E+02   1.491188233120918E+02   1.491544436587609E+02
  3.700000000000002E+00   1.490718505511167E+02   1.490981035536941E+02   1.491561911518775E+02   1.491084641668316E+02   1.491443825020037E+02
  3.800000000000002E+00   1.490625738870792E+02   1.490887231868477E+02   1.491461171314867E+02   1.490997634264590E+02   1.491360899571125E+02
  3.900000000000002E+00   1.490549269870607E+02   1.490808991904572E+02   1.491373266496969E+02   1.490928395195625E+02   1.491296915111204E+02
  4.000000000000002E+00   1.490490228060138E+02   1.490747393748809E+02   1.491299100613424E+02   1.490878139617885E+02   1.491253158002946E+02
  4.100000000000001E+00   1.490449772113695E+02   1.490703543419156E+02   1.491239603159642E+02   1.490848111871788E+02   1.491230944325850E+02
  4.200000000000001E+00   1.490429088195480E+02   1.490678573424227E+02   1.491195728417430E+02   1.490839583774160E+02   1.491231618111829E+02
  4.300000000000001E+00   1.490429387705886E+02   1.490673641518249E+02   1.491168454382544E+02   1.490853853060472E+02   1.491256549616843E+02
  4.400000000000000E+00   1.490451905863470E+02   1.490689929437614E+02   1.491158781804903E+02   1.490892241987015E+02   1.491307133714758E+02
  4.500000000000000E+00   1.490497900873806E+02   1.490728641609481E+02   1.491167733261112E+02   1.490956095933374E+02   1.491384788443637E+02
  4.600000000000000E+00   1.490568653053643E+02   1.490791004056244E+02   1.491196352314534E+02   1.491046782144174E+02   1.491490953746921E+02
  4.699999999999999E+00   1.490665463928971E+02   1.490878263576608E+02   1.491245702858107E+02   1.491165688734385E+02   1.491627090447763E+02
  4.799999999999999E+00   1.490789655464569E+02   1.490991687163435E+02   1.491316868657393E+02   1.491314223978781E+02   1.491794679481843E+02
  4.899999999999999E+00   1.490942569572964E+02   1.491132561609989E+02   1.491410953071484E+02   1.491493815847748E+02   1.491995221365427E+02
  4.999999999999998E+00   1.491125567797930E+02   1.491302193272916E+02   1.491529078922529E+02   1.491705911699380E+02   1.492230235855142E+02
  5.099999999999998E+00   1.491340031146928E+02   1.491501907953361E+02   1.491672388445239E+02   1.491951978054272E+02   1.492501261704802E+02
  5.199999999999998E+00   1.491587359894751E+02   1.491733050765281E+02   1.491842043265232E+02   1.492233500398345E+02   1.492809856422360E+02
  5.299999999999997E+00   1.491868973431601E+02   1.491996985967441E+02   1.492039224364059E+02   1.492551982912755E+02   1.493157595943416E+02
  5.399999999999997E+00   1.492186309301013E+02   1.492295096774016E+02   1.492265131965973E+02   1.492908948129183E+02   1.493546074150105E+02
  5.499999999999996E+00   1.492540820589050E+02   1.492628785398664E+02   1.492520985510441E+02   1.493305936574971E+02   1.493976902254255E+02
  5.599999999999996E+00   1.492933980519882E+02   1.492999471954130E+02   1.492808023465422E+02   1.493744506327823E+02   1.494451708369637E+02
  5.699999999999996E+00   1.493367283024949E+02   1.493408593837985E+02   1.493127502878095E+02   1.494226231980743E+02   1.494972137066242E+02
  5.799999999999995E+00   1.493842240281032E+02   1.493857606419098E+02   1.493480699493522E+02   1.494752704760848E+02   1.495539849274892E+02
  5.899999999999995E+00   1.494360381938859E+02   1.494347983902236E+02   1.493868908496682E+02   1.495325533435602E+02   1.496156522776537E+02
  5.999999999999995E+00   1.494923256362776E+02   1.494881220227709E+02   1.494293445533551E+02   1.495946345413618E+02   1.496823853240161E+02
  6.099999999999994E+00   1.495532431772419E+02   1.495458830191806E+02   1.494755647901855E+02   1.496616787966453E+02   1.497543555586344E+02
  6.199999999999994E+00   1.496189498181771E+02   1.496082350714404E+02   1.495256875868475E+02   1.497338529701556E+02   1.498317365492358E+02
  6.299999999999994E+00   1.496896068813381E+02   1.496753342267818E+02   1.495798514007792E+02   1.498113261888418E+02   1.499147040817713E+02
  6.399999999999993E+00   1.497653781355295E+02   1.497473390038219E+02   1.496381972412401E+02   1.498942699630589E+02   1.500034362714994E+02
  6.499999999999993E+00   1.498464298894914E+02   1.498244104836489E+02   1.497008687684085E+02   1.499828582611767E+02   1.500981136313442E+02
  6.599999999999993E+00   1.499329310257772E+02   1.499067123694681E+02   1.497680123500220E+02   1.500772675367026E+02   1.501989190966850E+02
  6.699999999999992E+00   1.500250530370274E+02   1.499944110013096E+02   1.498397771073627E+02   1.501776767282464E+02   1.503060380061458E+02
  6.799999999999992E+00   1.501229715354567E+02   1.500876751055740E+02   1.499163148429566E+02   1.502842671377800E+02   1.504196580831842E+02
  6.899999999999991E+00   1.502268640308503E+02   1.501866761578344E+02   1.499977800751907E+02   1.503972224335471E+02   1.505399693648114E+02
  6.999999999999991E+00   1.503369093631719E+02   1.502915886718024E+02   1.500843302940835E+02   1.505167290301156E+02   1.506671643091578E+02
  7.099999999999991E+00   1.504532889463781E+02   1.504025901288286E+02   1.501761261731228E+02   1.506429762384000E+02   1.508014380332116E+02
  7.199999999999990E+00   1.505761876160236E+02   1.505198610762745E+02   1.502733317467348E+02   1.507761563997870E+02   1.509429886066861E+02
  7.299999999999990E+00   1.507057939794448E+02   1.506435855127801E+02   1.503761146755802E+02   1.509164651378026E+02   1.510920174127210E+02
  7.399999999999990E+00   1.508423007398922E+02   1.507739512556374E+02   1.504846465795710E+02   1.510641017323032E+02   1.512487294627409E+02
  7.499999999999989E+00   1.509859047585558E+02   1.509111503503490E+02   1.505991033663569E+02   1.512192694802783E+02   1.514133337040278E+02
  7.599999999999989E+00   1.511368074149183E+02   1.510553793496576E+02   1.507196655455419E+02   1.513821760015308E+02   1.515860432928116E+02
  7.699999999999989E+00   1.512952146751580E+02   1.512068395537790E+02   1.508465184583718E+02   1.515530334375876E+02   1.517670757872941E+02
  7.799999999999988E+00   1.514613374184695E+02   1.513657371329175E+02   1.509798524138307E+02   1.517320585765737E+02   1.519566532461950E+02
  7.899999999999988E+00   1.516353913768728E+02   1.515322831190165E+02   1.511198627661668E+02   1.519194728821569E+02   1.521550022096273E+02
  7.999999999999988E+00   1.518175971236284E+02   1.517066933641190E+02   1.512667498306332E+02   1.521155023497656E+02   1.523623535793963E+02
  8.099999999999987E+00   1.520081756370554E+02   1.518891891476220E+02   1.514207191260453E+02   1.523203777695615E+02   1.525789424561173E+02
  8.199999999999987E+00   1.522073519652296E+02   1.520799965890253E+02   1.515819815241147E+02   1.525343347574719E+02   1.528050083009262E+02
  8.299999999999986E+00   1.524153625956760E+02   1.522793456701823E+02   1.517507529790008E+02   1.527576130493910E+02   1.530407952281882E+02
  8.399999999999986E+00   1.526324521208207E+02   1.524874715873316E+02   1.519272547654685E+02   1.529904567233125E+02   1.532865522105444E+02
  8.499999999999986E+00   1.528588701155438E+02   1.527046162984497E+02   1.521117145684529E+02   1.532331158920413E+02   1.535425336925997E+02
  8.599999999999985E+00   1.530948718342178E+02   1.529310294869516E+02   1.523043676600869E+02   1.534858478379449E+02   1.538090005508285E+02
  8.699999999999985E+00   1.533407194059694E+02   1.531669691510139E+02   1.525054579348839E+02   1.537489177733350E+02   1.540862210627880E+02
  8.799999999999985E+00   1.535966837308198E+02   1.534127021709259E+02   1.527152385756257E+02   1.540225994937049E+02   1.543744717709863E+02
  8.899999999999984E+00   1.538630448986892E+02   1.536685048165351E+02   1.529339724148221E+02   1.543071758105476E+02   1.546740380011431E+02
  8.999999999999984E+00   1.541400929690708E+02   1.539346628233116E+02   1.531619320997857E+02   1.546029387888981E+02   1.549852140249684E+02
  9.099999999999984E+00   1.544281272974762E+02   1.542114715092002E+02   1.533994000025165E+02   1.549101895074756E+02   1.553083028824373E+02
  9.199999999999983E+00   1.547274566952286E+02   1.544992354909766E+02   1.536466678873639E+02   1.552292376394639E+02   1.556436159160045E+02
  9.299999999999983E+00   1.550383987481913E+02   1.547982682112672E+02   1.539040366225259E+02   1.555604010019158E+02   1.559914720844184E+02
  9.399999999999983E+00   1.553612861331220E+02   1.551088902858612E+02   1.541718152049609E+02   1.559040042037865E+02   1.563521972001763E+02
  9.499999999999982E+00   1.556964858540263E+02   1.554314263870351E+02   1.544503190482090E+02   1.562603755949980E+02   1.567261226555611E+02
  9.599999999999982E+00   1.560443358582363E+02   1.557662171520670E+02   1.547398741250673E+02   1.566298542001739E+02   1.571135857158407E+02
  9.699999999999982E+00   1.564051698614597E+02   1.561136167903322E+02   1.550408218537472E+02   1.570127923170705E+02   1.575149327288785E+02
  9.799999999999981E+00   1.567793406548857E+02   1.564739909555071E+02   1.553535202364318E+02   1.574095548367027E+02   1.579305229329179E+02
  9.899999999999981E+00   1.571672276869151E+02   1.568477199327871E+02   1.556783445004212E+02   1.578205211167853E+02   1.583607315476908E+02
  9.999999999999980E+00   1.575692337569535E+02   1.572352031362759E+02   1.560156887298826E+02   1.582460880161540E+02   1.588059517816141E+02
  1.009999999999998E+01   1.579857822842862E+02   1.576368612226126E+02   1.563659671131537E+02   1.586866721610385E+02   1.592665957790186E+02
  1.019999999999998E+01   1.584173185050799E+02   1.580531360863991E+02   1.567296146960446E+02   1.591427102335818E+02   1.597430945264472E+02
  1.029999999999998E+01   1.588643069093704E+02   1.584844903498037E+02   1.571070861612133E+02   1.596146577388937E+02   1.602358967341420E+02
  1.039999999999998E+01   1.593272327497056E+02   1.589314051819230E+02   1.574988552502848E+02   1.601029880553494E+02   1.607454671088345E+02
  1.049999999999998E+01   1.598065974505308E+02   1.593943790214856E+02   1.579054132801119E+02   1.606081903506260E+02   1.612722843703604E+02
  1.059999999999998E+01   1.603029179915322E+02   1.598739245755815E+02   1.583272670930725E+02   1.611307662402843E+02   1.618168380176499E+02
  1.069999999999998E+01   1.608167190708754E+02   1.603705632628580E+02   1.587649351636367E+02   1.616712199441477E+02   1.623796175762824E+02
  1.079999999999998E+01   1.613483793987321E+02   1.608848465620517E+02   1.592189635337338E+02   1.622300761730083E+02   1.629611154394522E+02
  1.089999999999998E+01   1.618984496545441E+02   1.614173177427978E+02   1.596899198112002E+02   1.628078672231623E+02   1.635618430993625E+02
  1.099999999999998E+01   1.624676023584576E+02   1.619685444066162E+02   1.601783927787945E+02   1.634051376837324E+02   1.641823369707174E+02
  1.109999999999998E+01   1.630565351967896E+02   1.625391530593792E+02   1.606850104116091E+02   1.640224775633241E+02   1.648231704822048E+02
  1.119999999999998E+01   1.636659607811433E+02   1.631298338977080E+02   1.612104546094634E+02   1.646605356204013E+02   1.654849622121274E+02
  1.129999999999998E+01   1.642966204111585E+02   1.637413311906339E+02   1.617554634869927E+02   1.653200168216539E+02   1.661683789976399E+02
  1.139999999999998E+01   1.649493078811438E+02   1.643744373162652E+02   1.623208270320594E+02   1.660016729439129E+02   1.668741318222455E+02
  1.149999999999998E+01   1.656248648950274E+02   1.650299869185774E+02   1.629073801243175E+02   1.667062959564974E+02   1.676029697785804E+02
  1.159999999999997E+01   1.663241815438186E+02   1.657088528918786E+02   1.635159977109733E+02   1.674347134184792E+02   1.683556732122748E+02
  1.169999999999997E+01   1.670481814477796E+02   1.664119463033437E+02   1.641475894459928E+02   1.681877811486910E+02   1.691330477997712E+02
  1.179999999999997E+01   1.677978223899050E+02   1.671402042904181E+02   1.648030964121052E+02   1.689663735468957E+02   1.699359108962133E+02
  1.189999999999997E+01   1.685740379072793E+02   1.678945549924514E+02   1.654834771519493E+02   1.697713299241908E+02   1.707650309081256E+02
  1.199999999999997E+01   1.693777944298978E+02   1.686759541757179E+02   1.661897161797521E+02   1.706035219757204E+02   1.716211774982293E+02
  1.209999999999997E+01   1.702105690631969E+02   1.694853773036585E+02   1.669228165044139E+02   1.714637951357613E+02   1.725051377106592E+02
  1.219999999999997E+01   1.710737994323570E+02   1.703239492651828E+02   1.676838624030322E+02   1.723531182263068E+02   1.734177770020968E+02
  1.229999999999997E+01   1.719684351230277E+02   1.711930050224366E+02   1.684741257262922E+02   1.732726853638248E+02   1.743601057161438E+02
  1.239999999999997E+01   1.728956436720431E+02   1.720939737284098E+02   1.692950444446023E+02   1.742238238281804E+02   1.753332806592807E+02
  1.249999999999997E+01   1.738569164147123E+02   1.730283692205531E+02   1.701481850349287E+02   1.752079465327473E+02   1.763385772219982E+02
  1.259999999999997E+01   1.748540041710224E+02   1.739978335404991E+02   1.710352140179999E+02   1.762265561309229E+02   1.773773609143159E+02
  1.269999999999997E+01   1.758888247199113E+02   1.750041362245187E+02   1.719578847380721E+02   1.772812483582406E+02   1.784510645433134E+02
  1.279999999999997E+01   1.769634417461836E+02   1.760491608832147E+02   1.729180477571163E+02   1.783737048186956E+02   1.795611707573444E+02
  1.289999999999997E+01   1.780800104337486E+02   1.771348915983259E+02   1.739176215336199E+02   1.795056767831279E+02   1.807091981870958E+02
  1.299999999999997E+01   1.792408077135406E+02   1.782633779350865E+02   1.749585927016619E+02   1.806789704799873E+02   1.818966713431299E+02
  1.309999999999997E+01   1.804480521246210E+02   1.794366176934911E+02   1.760429921294759E+02   1.818951771972020E+02   1.831247770784476E+02
  1.319999999999997E+01   1.817041879887532E+02   1.806566240433904E+02   1.771729004324540E+02   1.831557628473166E+02   1.843945752035299E+02
  1.329999999999997E+01   1.830118972719227E+02   1.819256839939513E+02   1.783504688437488E+02   1.844627183364971E+02   1.857076836479777E+02
  1.339999999999997E+01   1.843735134742520E+02   1.832462975101171E+02   1.795780094280597E+02   1.858182687818985E+02   1.870658664817037E+02
  1.349999999999997E+01   1.857895824004530E+02   1.846212755693073E+02   1.808583074815180E+02   1.872250959082353E+02   1.884712612557661E+02
  1.359999999999997E+01   1.872660149294084E+02   1.860534823772408E+02   1.821943431017181E+02   1.886856998054382E+02   1.899261803234544E+02
  1.369999999999997E+01   1.888089640148171E+02   1.875466973592058E+02   1.835894710874339E+02   1.902031135349685E+02   1.914331363705723E+02
  1.379999999999997E+01   1.904241379036317E+02   1.891053775102508E+02   1.850474514934313E+02   1.917809592765327E+02   1.929948715900289E+02
  1.389999999999997E+01   1.921173043225430E+02   1.907342016780235E+02   1.865723334655023E+02   1.934231286105559E+02   1.946142765535020E+02
  1.399999999999997E+01   1.938945425237916E+02   1.924379156020061E+02   1.881682946054579E+02   1.951335764598575E+02   1.962942848217419E+02
  1.409999999999997E+01   1.957622134865043E+02   1.942213032577361E+02   1.898395502327200E+02   1.969162588205841E+02   1.980378066757599E+02
  1.419999999999997E+01   1.977270990092658E+02   1.960891612594211E+02   1.915903057537309E+02   1.987751323543449E+02   1.998476819281994E+02
  1.429999999999997E+01   1.997963241349175E+02   1.980463585630786E+02   1.934247007117655E+02   2.007139556011420E+02   2.017264271656281E+02
  1.439999999999996E+01   2.019776658682837E+02   2.000977464421452E+02   1.953468888372715E+02   2.027361810667398E+02   2.036762664431108E+02
  1.449999999999996E+01   2.042795241695969E+02   2.022486570541441E+02   1.973610377550420E+02   2.048459478652501E+02   2.057000609748659E+02
  1.459999999999996E+01   2.067107712721983E+02   2.045045671753635E+02   1.994713278275072E+02   2.070476888588814E+02   2.078005016649491E+02
  1.469999999999996E+01   2.092807699095698E+02   2.068709609519112E+02   2.016819781859574E+02   2.093456896327529E+02   2.099801864002108E+02
  1.479999999999996E+01   2.120150371218667E+02   2.093564850806459E+02   2.039982299427647E+02   2.117455164196386E+02   2.122422588493100E+02
  1.489999999999996E+01   2.149211441468391E+02   2.119726293298009E+02   2.064285783941172E+02   2.142564664791057E+02   2.145920890719875E+02
  1.499999999999996E+01   2.180078927571286E+02   2.147293705416707E+02   2.089824447852875E+02   2.168874615466072E+02   2.170360105772820E+02
  1.509999999999996E+01   2.212896827408662E+02   2.176353311957081E+02   2.116684380556652E+02   2.196459921319133E+02   2.195799872067820E+02
  1.519999999999996E+01   2.247826887142111E+02   2.206988219868230E+02   2.144938743741183E+02   2.225387247129176E+02   2.222291345637413E+02
  1.529999999999996E+01   2.285030288700186E+02   2.239280814998976E+02   2.174649715582229E+02   2.255719791971062E+02   2.249877560872672E+02
  1.539999999999996E+01   2.324670311087012E+02   2.273312250231560E+02   2.205872453504832E+02   2.287518818691674E+02   2.278595768256374E+02
  1.549999999999996E+01   2.366909681410646E+02   2.309162320439524E+02   2.238656663206094E+02   2.320841760855195E+02   2.308477621382618E+02
  1.559999999999996E+01   2.411914332628831E+02   2.346906438187098E+02   2.273049729353048E+02   2.355747241254926E+02   2.339555045694711E+02
  1.569999999999996E+01   2.459841456850131E+02   2.386618448508563E+02   2.309097901397485E+02   2.392292506149716E+02   2.371856609423339E+02
  1.579999999999996E+01   2.510844163489264E+02   2.428364640072947E+02   2.346839158867228E+02   2.430522124059819E+02   2.405398595623882E+02
  1.589999999999996E+01   2.565069863279538E+02   2.472202454707326E+02   2.386304148870668E+02   2.470475124553106E+02   2.440193662977540E+02
  1.599999999999996E+01   2.622677289081981E+02   2.518190584584946E+02   2.427514117679346E+02   2.512189348069099E+02   2.476251351840942E+02
  1.609999999999996E+01   2.683600109083334E+02   2.566369474079365E+02   2.470567444477831E+02   2.555734992200768E+02   2.513660738653967E+02
  1.619999999999996E+01   2.748140869477550E+02   2.616842155605095E+02   2.515620545388865E+02   2.601215616819060E+02   2.552556170042720E+02
  1.629999999999996E+01   2.816946977880037E+02   2.669838354632861E+02   2.562811603343872E+02   2.648776543894471E+02   2.593027660151631E+02
  1.639999999999996E+01   2.890299886841577E+02   2.725596959495666E+02   2.612258041886460E+02   2.698587179819272E+02   2.635145312255486E+02
  1.649999999999996E+01   2.968311404661824E+02   2.784252208573743E+02   2.664006856179106E+02   2.750759813678984E+02   2.678949364966036E+02
  1.659999999999997E+01   3.051045552289918E+02   2.845851984076045E+02   2.718072514033488E+02   2.805338630324392E+02   2.724446159183664E+02
  1.669999999999997E+01   3.138548698092825E+02   2.910400351067912E+02   2.774446721522933E+02   2.862322201261585E+02   2.771617067184142E+02
  1.679999999999997E+01   3.230838640461507E+02   2.977868003276770E+02   2.833095370074223E+02   2.921689402478724E+02   2.820429536573949E+02
  1.689999999999997E+01   3.327881341776604E+02   3.048229293725053E+02   2.893971930335924E+02   2.983408472958141E+02   2.870845168724427E+02
  1.699999999999997E+01   3.429665508855720E+02   3.121452395910588E+02   2.957007464220513E+02   3.047435406190920E+02   2.922811802940429E+02
  1.709999999999997E+01   3.536135146273661E+02   3.197443394719935E+02   3.022091083585178E+02   3.113708794331048E+02   2.976264150368698E+02
  1.719999999999997E+01   3.647186784240755E+02   3.276138246336516E+02   3.089114822465645E+02   3.182156770908406E+02   3.031118864475065E+02
  1.729999999999998E+01   3.762657969634027E+02   3.357422128806178E+02   3.158008515410768E+02   3.252684310894207E+02   3.087297158717398E+02
  1.739999999999998E+01   3.882868940670689E+02   3.441792972123308E+02   3.229119826244774E+02   3.325672292756596E+02   3.144974208723640E+02
  1.749999999999998E+01   4.009768705586106E+02   3.532265252768414E+02   3.304642739455974E+02   3.403475358600895E+02   3.205401825731498E+02
  1.759999999999998E+01   4.141913529583200E+02   3.628533563323953E+02   3.384879067088901E+02   3.486132758841767E+02   3.268920749133052E+02
  1.769999999999998E+01   4.279327738119435E+02   3.729734828715821E+02   3.469402519787402E+02   3.573009135616750E+02   3.335349601138832E+02
  1.779999999999998E+01   4.421986866342934E+02   3.835065933301730E+02   3.557373231915707E+02   3.663438526537120E+02   3.404312471014391E+02
  1.789999999999998E+01   4.569480046696279E+02   3.943960157769605E+02   3.648154510696995E+02   3.756947301579646E+02   3.475465705805240E+02
  1.799999999999999E+01   4.721261681651526E+02   4.055914875801438E+02   3.741310361031117E+02   3.853117419872780E+02   3.548493609777439E+02
  1.809999999999999E+01   4.876653929181571E+02   4.170570987883128E+02   3.836473575522577E+02   3.951589770154344E+02   3.623133282809374E+02
  1.819999999999999E+01   5.035220531964439E+02   4.287569602284597E+02   3.933311759896089E+02   4.052060399014482E+02   3.699143265501515E+02
  1.829999999999999E+01   5.196313586482929E+02   4.406560147480199E+02   4.031718007268105E+02   4.154250043689963E+02   3.776235911800537E+02
  1.839999999999999E+01   5.359292242985430E+02   4.527279312586872E+02   4.131492572926161E+02   4.257879969389982E+02   3.854187711480697E+02
  1.849999999999999E+01   5.523431371832046E+02   4.649054268038510E+02   4.231945118194565E+02   4.362365729977565E+02   3.932580774088817E+02
  1.859999999999999E+01   5.687815578608934E+02   4.771408401408426E+02   4.332558589657500E+02   4.467389757553717E+02   4.011175885601787E+02
  1.870000000000000E+01   5.851559087876515E+02   4.894210495511087E+02   4.433157426702285E+02   4.572888440252570E+02   4.089933761612090E+02
  1.880000000000000E+01   6.059021945017444E+02   5.028060252371064E+02   4.538926166887941E+02   4.685414022988129E+02   4.171283532387370E+02
  1.890000000000000E+01   6.303075798871550E+02   5.176288021822024E+02   4.651478592771144E+02   4.807955844406403E+02   4.256645644765118E+02
  1.900000000000000E+01   6.567933300678983E+02   5.336662413196108E+02   4.769976712224962E+02   4.939625634887919E+02   4.345962395271755E+02
  1.910000000000000E+01   6.842343574915978E+02   5.505257640166349E+02   4.892342284573362E+02   5.077894860574680E+02   4.438373372124581E+02
  1.920000000000000E+01   7.121288894164763E+02   5.679113469119657E+02   5.017114617625838E+02   5.220619815680565E+02   4.532939763037015E+02
  1.930000000000000E+01   7.402085320801082E+02   5.856310667647289E+02   5.143242946166520E+02   5.366453493267737E+02   4.628991811324188E+02
  1.940000000000001E+01   7.684004775664034E+02   6.035719551197863E+02   5.269809717000686E+02   5.514518527471072E+02   4.726016281606154E+02
  1.950000000000001E+01   7.964831360818443E+02   6.216644414876666E+02   5.396327011129650E+02   5.664248930692162E+02   4.823667650500158E+02
  1.960000000000001E+01   8.242882145618518E+02   6.398075805047281E+02   5.522962589542759E+02   5.814723745709704E+02   4.921458581172980E+02
  1.970000000000001E+01   8.516694817714985E+02   6.579302230575099E+02   5.652103336773141E+02   5.965085163884805E+02   5.018980030015788E+02
  1.980000000000001E+01   8.779760910396360E+02   6.757515239086289E+02   5.780938565213556E+02   6.113369140567122E+02   5.115545048096093E+02
  1.990000000000001E+01   9.031499072209184E+02   6.931042269519482E+02   5.907783924980362E+02   6.258448173940881E+02   5.210429048360613E+02
  2.000000000000001E+01   9.276519194444882E+02   7.100946329655857E+02   6.031665447301021E+02   6.400842421240930E+02   5.303676785698088E+02
  2.010000000000002E+01   9.514677143988952E+02   7.268436870474018E+02   6.153717376450653E+02   6.541352520350870E+02   5.395663126280801E+02
  2.020000000000002E+01   9.745510356441512E+02   7.434068161403751E+02   6.274749803872453E+02   6.680378974149378E+02   5.486631855277236E+02
  2.030000000000002E+01   9.967878575686138E+02   7.597051871303701E+02   6.394640003008228E+02   6.817848212356211E+02   5.576688491185078E+02
  2.040000000000002E+01   1.017868046077379E+03   7.755668725671387E+02   6.512522040584056E+02   6.952799308348697E+02   5.665468070548959E+02
  2.050000000000002E+01   1.037689237001156E+03   7.908715791136549E+02   6.627594647952292E+02   7.084339749999212E+02   5.752542705729229E+02
  2.060000000000002E+01   1.056517242749763E+03   8.055861709234375E+02   6.739398082710806E+02   7.212437415447188E+02   5.837959609117493E+02
  2.070000000000002E+01   1.074874946920861E+03   8.197773050238687E+02   6.847558450839347E+02   7.336674033965712E+02   5.921390145016978E+02
  2.080000000000003E+01   1.092938169125796E+03   8.335289184354474E+02   6.951893131947186E+02   7.457406370131695E+02   6.002689841065023E+02
  2.090000000000003E+01   1.110748731005635E+03   8.468657044321491E+02   7.052429459902105E+02   7.574859742731885E+02   6.081823742404617E+02
  2.100000000000003E+01   1.127288882588020E+03   8.596968944085031E+02   7.149716669396629E+02   7.688392596830461E+02   6.158582594735740E+02
  2.110000000000003E+01   1.141808786080538E+03   8.716749138168723E+02   7.241785335149031E+02   7.794893280585569E+02   6.233054684467022E+02
  2.120000000000003E+01   1.154088632845018E+03   8.825100456458451E+02   7.326512201166289E+02   7.893165236307157E+02   6.304075356394090E+02
  2.130000000000003E+01   1.165437348568782E+03   8.923142789907615E+02   7.403869645879917E+02   7.983905056811436E+02   6.371504272336155E+02
  2.140000000000003E+01   1.175699266724961E+03   9.011895006070752E+02   7.474790493756973E+02   8.067589550024353E+02   6.435274255971835E+02
  2.150000000000004E+01   1.182268404934465E+03   9.086512394077286E+02   7.539615470601004E+02   8.140464151429964E+02   6.493968562794852E+02
  2.160000000000004E+01   1.185538723070360E+03   9.144614821447309E+02   7.596442658998417E+02   8.200349694820241E+02   6.546590569808923E+02
  2.170000000000004E+01   1.186234623435687E+03   9.186938554820156E+02   7.644601253606575E+02   8.247401425942297E+02   6.592850690014002E+02
  2.180000000000004E+01   1.184901849187564E+03   9.215023617433892E+02   7.683963282550797E+02   8.282544532952945E+02   6.632842135281218E+02
  2.190000000000004E+01   1.181912247443233E+03   9.230551932178389E+02   7.714791312324826E+02   8.307105302423244E+02   6.666988103815916E+02
  2.200000000000004E+01   1.177515610357735E+03   9.235241034821449E+02   7.737616658775826E+02   8.322354083101183E+02   6.695690360311592E+02
  2.210000000000004E+01   1.171596719500017E+03   9.229822283926975E+02   7.752902176674091E+02   8.329051728051658E+02   6.719293362148808E+02
  2.220000000000005E+01   1.163538793735327E+03   9.213494690041252E+02   7.760843968770745E+02   8.326897235930693E+02   6.737856740124926E+02
  2.230000000000005E+01   1.154437372684768E+03   9.188344273190118E+02   7.762019231171683E+02   8.316936677169547E+02   6.751689760822936E+02
  2.240000000000005E+01   1.145306887433858E+03   9.156217492710994E+02   7.756429482834337E+02   8.300725051466077E+02   6.761545039657614E+02
  2.250000000000005E+01   1.135709589720939E+03   9.116279721951814E+02   7.744222950383834E+02   8.278460243356408E+02   6.767535869972758E+02
  2.260000000000005E+01   1.125797059021807E+03   9.071128431967342E+02   7.725249718512227E+02   8.251428012542962E+02   6.769981063723596E+02
  2.270000000000005E+01   1.114816980542052E+03   9.019919915865502E+02   7.699886409878903E+02   8.219486136927858E+02   6.769018429253338E+02
  2.280000000000005E+01   1.102567727909438E+03   8.961194802182663E+02   7.669043744538805E+02   8.181095672548340E+02   6.764026092727652E+02
  2.290000000000006E+01   1.089373959404657E+03   8.894626314735137E+02   7.632464534397932E+02   8.135862786440662E+02   6.754704483110054E+02
  2.300000000000006E+01   1.075683319071919E+03   8.821431206345806E+02   7.590202546820630E+02   8.084491841280909E+02   6.741073456599356E+02
  2.310000000000006E+01   1.061744392442220E+03   8.743002177266944E+02   7.542627931989036E+02   8.028103313478873E+02   6.723457298544663E+02
  2.320000000000006E+01   1.047475381923884E+03   8.660085862989270E+02   7.490290033209741E+02   7.967436706657771E+02   6.702206875195958E+02
  2.330000000000006E+01   1.032845495678226E+03   8.573080050891135E+02   7.433653243599086E+02   7.902971158096565E+02   6.677658609133011E+02
  2.340000000000006E+01   1.017855310883933E+03   8.482278917259584E+02   7.373155672600252E+02   7.835004010316785E+02   6.650086151052824E+02
  2.350000000000006E+01   1.002284579338870E+03   8.386910994414795E+02   7.308938644080953E+02   7.763201720862933E+02   6.619544070377974E+02
  2.360000000000007E+01   9.862569405360659E+02   8.287147400626689E+02   7.241198989393255E+02   7.687573856026554E+02   6.586081477591212E+02
  2.370000000000007E+01   9.702394250963671E+02   8.184753566337580E+02   7.170509518059373E+02   7.609445677899557E+02   6.550198578712016E+02
  2.380000000000007E+01   9.540736516023945E+02   8.079685875956377E+02   7.096431495399853E+02   7.528778555890775E+02   6.512631631160209E+02
  2.390000000000007E+01   9.378055861172501E+02   7.972921576263757E+02   7.020151321336050E+02   7.446488181174657E+02   6.473464178557779E+02
  2.400000000000007E+01   9.213781669237073E+02   7.864481215799664E+02   6.941774670800063E+02   7.362720330989274E+02   6.432759705942642E+02
  2.410000000000007E+01   9.049004986747143E+02   7.754897540635909E+02   6.862335809463603E+02   7.277697534473446E+02   6.390567082379995E+02
  2.420000000000007E+01   8.884892826630660E+02   7.644834697360171E+02   6.782166663723179E+02   7.191943859063766E+02   6.347071949509759E+02
  2.430000000000008E+01   8.721467813383949E+02   7.534586448668335E+02   6.701332163235966E+02   7.105911033418915E+02   6.302549041255343E+02
  2.440000000000008E+01   8.560062224567671E+02   7.424734358084419E+02   6.620113139609595E+02   7.019973057199288E+02   6.257128153806756E+02
  2.450000000000008E+01   8.400223095888421E+02   7.315441366491896E+02   6.538754800386702E+02   6.934398778939010E+02   6.211059248036206E+02
  2.460000000000008E+01   8.242077336698471E+02   7.206772644530098E+02   6.457423357239983E+02   6.849251232020849E+02   6.164439107471035E+02
  2.470000000000008E+01   8.085707475167612E+02   7.098943398594454E+02   6.376243371050679E+02   6.764584595825636E+02   6.117370404164816E+02
  2.480000000000008E+01   7.931332803514580E+02   6.992004276277179E+02   6.295278521528644E+02   6.680395972068735E+02   6.069905359637651E+02
  2.490000000000008E+01   7.779266250912522E+02   6.886137656953249E+02   6.214663752347373E+02   6.596763858420775E+02   6.022073750122636E+02
  2.500000000000009E+01   7.629534937986962E+02   6.781543187103376E+02   6.134813483436204E+02   6.513861922032727E+02   5.973981041605261E+02
  2.510000000000009E+01   7.482136554352079E+02   6.678326857337855E+02   6.056641815140280E+02   6.431846503358471E+02   5.925782439815368E+02
  2.520000000000009E+01   7.337602304189566E+02   6.576615951745694E+02   5.979571199074220E+02   6.350834546142415E+02   5.877582864494128E+02
  2.530000000000009E+01   7.196505734684456E+02   6.476772857197633E+02   5.903495984480649E+02   6.271057979514808E+02   5.829475281144030E+02
  2.540000000000009E+01   7.059133681244563E+02   6.378952414857500E+02   5.828368990151539E+02   6.192593087890120E+02   5.781548367197904E+02
  2.550000000000009E+01   6.925684070969980E+02   6.283430793878076E+02   5.754317024808788E+02   6.115679771331885E+02   5.733922740066598E+02
  2.560000000000009E+01   6.796227806515554E+02   6.190277157228462E+02   5.681418974147306E+02   6.040468918206147E+02   5.686766953316405E+02
  2.570000000000010E+01   6.670826671363159E+02   6.099557995699589E+02   5.609775265549899E+02   5.967028799233939E+02   5.640156396677185E+02
  2.580000000000010E+01   6.549524920518024E+02   6.011329860137378E+02   5.539471853024338E+02   5.895408860204855E+02   5.594167447646948E+02
  2.590000000000010E+01   6.432345777691553E+02   5.925604456312351E+02   5.470576012895336E+02   5.825606635012989E+02   5.548862449434505E+02
  2.600000000000010E+01   6.319296150600917E+02   5.842438965226241E+02   5.403148141024669E+02   5.757656914272280E+02   5.504301114735870E+02
  2.610000000000010E+01   6.210349577136928E+02   5.761818163477636E+02   5.337209945733596E+02   5.691608522334800E+02   5.460517714508187E+02
  2.620000000000010E+01   6.105502423239423E+02   5.683770173997909E+02   5.272785836216930E+02   5.627503996000238E+02   5.417541592644457E+02
  2.630000000000010E+01   6.004670993987568E+02   5.608264596950746E+02   5.209898947105493E+02   5.565327296037301E+02   5.375390071397836E+02
  2.640000000000011E+01   5.907796479871288E+02   5.535256571189450E+02   5.148699302289626E+02   5.505040024674574E+02   5.334073420024314E+02
  2.650000000000011E+01   5.814840871554611E+02   5.464729870598230E+02   5.089159015815088E+02   5.446622419373888E+02   5.293602297855623E+02
  2.660000000000011E+01   5.725739285343734E+02   5.396659816245838E+02   5.031222769990954E+02   5.390071180500217E+02   5.254000374238046E+02
  2.670000000000011E+01   5.640397938584912E+02   5.331006163369384E+02   4.974891848928455E+02   5.335375380351670E+02   5.215289502030429E+02
  2.680000000000011E+01   5.558722142439030E+02   5.267709940621610E+02   4.920161296826349E+02   5.282516224905892E+02   5.177493650920629E+02
  2.690000000000011E+01   5.480608581683739E+02   5.206712683658357E+02   4.867033937798655E+02   5.231459022358378E+02   5.140621407488738E+02
  2.700000000000011E+01   5.405941890030798E+02   5.147965880100487E+02   4.815507522590129E+02   5.182168636268780E+02   5.104680810151636E+02
  2.710000000000012E+01   5.334606003828653E+02   5.091415323705889E+02   4.765574188561304E+02   5.134606590326646E+02   5.069671396580267E+02
  2.720000000000012E+01   5.266480521972398E+02   5.037002415516132E+02   4.717218613445886E+02   5.088733195337910E+02   5.035591966237756E+02
  2.730000000000012E+01   5.201448988214181E+02   4.984668313595957E+02   4.670422676622308E+02   5.044515067710011E+02   5.002439653984062E+02
  2.740000000000012E+01   5.139399078740182E+02   4.934351892512184E+02   4.625159246939623E+02   5.001908977817271E+02   4.970207631262786E+02
  2.750000000000012E+01   5.080211935656213E+02   4.885993414109502E+02   4.581398197858416E+02   4.960865521374210E+02   4.938885039464536E+02
  2.760000000000012E+01   5.023771173906811E+02   4.839524346154595E+02   4.539093527076523E+02   4.921332342935647E+02   4.908457313100264E+02
  2.770000000000012E+01   4.969951409817127E+02   4.794881388678464E+02   4.498216952151010E+02   4.883257036741842E+02   4.878906605384469E+02
  2.780000000000013E+01   4.918632317924482E+02   4.752004398715777E+02   4.458735389066098E+02   4.846590999951968E+02   4.850214344622133E+02
  2.790000000000013E+01   4.869696705724496E+02   4.710823363494470E+02   4.420624770815983E+02   4.811283067026575E+02   4.822360686250381E+02
  2.800000000000013E+01   4.823032455838626E+02   4.671271394012001E+02   4.383847328800439E+02   4.777280866669403E+02   4.795324470461752E+02
  2.810000000000013E+01   4.778527228894234E+02   4.633284160416371E+02   4.348364399596751E+02   4.744533536845907E+02   4.769084164054862E+02
  2.820000000000013E+01   4.736073525790850E+02   4.596799757665902E+02   4.314131570819397E+02   4.712992017285092E+02   4.743618147671193E+02
  2.830000000000013E+01   4.695569694301533E+02   4.561757662554564E+02   4.281103834780880E+02   4.682609892242462E+02   4.718905374100992E+02
  2.840000000000013E+01   4.656915430967616E+02   4.528093247860807E+02   4.249236402491696E+02   4.653339496937067E+02   4.694924059270291E+02
  2.850000000000014E+01   4.620016005577696E+02   4.495746629040221E+02   4.218488477504240E+02   4.625135152768529E+02   4.671652614542862E+02
  2.860000000000014E+01   4.584782128074523E+02   4.464660734660507E+02   4.188819965155574E+02   4.597953053128697E+02   4.649069957141870E+02
  2.870000000000014E+01   4.551127260078366E+02   4.434782147192539E+02   4.160195741870768E+02   4.571749566062363E+02   4.627154818351708E+02
  2.880000000000014E+01   4.518967668089091E+02   4.406057463856843E+02   4.132577454109420E+02   4.546484062138960E+02   4.605885803720683E+02
  2.890000000000014E+01   4.488224100437787E+02   4.378436699081063E+02   4.105925996903587E+02   4.522117332609531E+02   4.585241634144026E+02
  2.900000000000014E+01   4.458818525943855E+02   4.351866560453938E+02   4.080201296169273E+02   4.498610479835222E+02   4.565201123769095E+02
  2.910000000000014E+01   4.430680734380801E+02   4.326296935776361E+02   4.055367595040661E+02   4.475925695122659E+02   4.545743372822564E+02
  2.920000000000014E+01   4.403742456254234E+02   4.301682128590538E+02   4.031390129259879E+02   4.454026642147426E+02   4.526847673122585E+02
  2.930000000000015E+01   4.377936908332818E+02   4.277977155403145E+02   4.008232280756986E+02   4.432877884322116E+02   4.508493447143929E+02
  2.940000000000015E+01   4.353201814811219E+02   4.255139342437384E+02   3.985863353724908E+02   4.412445549927878E+02   4.490660538537761E+02
  2.950000000000015E+01   4.329478999934195E+02   4.233128756790298E+02   3.964247863767637E+02   4.392697820476914E+02   4.473329547585836E+02
  2.960000000000015E+01   4.306713326741235E+02   4.211907129659492E+02   3.943353010776502E+02   4.373603875979428E+02   4.456481606394305E+02
  2.970000000000015E+01   4.284853012061462E+02   4.191442223630233E+02   3.923145781734454E+02   4.355137772625323E+02   4.440098835757082E+02
  2.980000000000015E+01   4.263847152166909E+02   4.171694661387398E+02   3.903598966982819E+02   4.337269644403439E+02   4.424163565277712E+02
  2.990000000000015E+01   4.243646007403338E+02   4.152625249786780E+02   3.884685270531729E+02   4.319969411610123E+02   4.408658317716245E+02
  3.000000000000016E+01   4.224203678577903E+02   4.134200262252086E+02   3.866378218812571E+02   4.303210276403752E+02   4.393566293658955E+02
  3.010000000000016E+01   4.205478434453140E+02   4.116389004906075E+02   3.848652338589510E+02   4.286967325199335E+02   4.378871484609315E+02
  3.020000000000016E+01   4.187429949519675E+02   4.099161646225378E+02   3.831482922968810E+02   4.271216429522257E+02   4.364558479324693E+02
  3.030000000000016E+01   4.170021511898444E+02   4.082490876758160E+02   3.814845671011792E+02   4.255935101092884E+02   4.350612519241698E+02
  3.040000000000016E+01   4.153218220504177E+02   4.066350508002234E+02   3.798716386610423E+02   4.241102110358308E+02   4.337019430757169E+02
  3.050000000000016E+01   4.136986256954445E+02   4.050714706138444E+02   3.783075391211814E+02   4.226696697605747E+02   4.323765494721945E+02
  3.060000000000016E+01   4.121294825652244E+02   4.035560165089116E+02   3.767902130526289E+02   4.212699686712093E+02   4.310837598451752E+02
  3.070000000000017E+01   4.106115184245226E+02   4.020864992013145E+02   3.753175627757516E+02   4.199092999902546E+02   4.298223268976096E+02
  3.080000000000017E+01   4.091419454881307E+02   4.006606448499227E+02   3.738878008349931E+02   4.185858821075640E+02   4.285910418721411E+02
  3.090000000000017E+01   4.077181722024733E+02   3.992763901618826E+02   3.724991224711958E+02   4.172980228265367E+02   4.273887280890171E+02
  3.100000000000017E+01   4.063378717288425E+02   3.979320808975962E+02   3.711497306957849E+02   4.160442599040844E+02   4.262142750321096E+02
  3.110000000000017E+01   4.049988104380062E+02   3.966258047486579E+02   3.698379189979553E+02   4.148231196120346E+02   4.250666294815169E+02
  3.120000000000017E+01   4.036988537584699E+02   3.953556218698753E+02   3.685621712753667E+02   4.136331097557040E+02   4.239447766641597E+02
  3.130000000000017E+01   4.024359681300430E+02   3.941198686345958E+02   3.673210806890750E+02   4.124727925622256E+02   4.228477155320132E+02
  3.140000000000018E+01   4.012082762812400E+02   3.929170197382475E+02   3.661132717122924E+02   4.113408624811298E+02   4.217744910625428E+02
  3.150000000000018E+01   4.000140557859349E+02   3.917456449259279E+02   3.649373812553993E+02   4.102361149097632E+02   4.207242016742819E+02
  3.160000000000018E+01   3.988516965924250E+02   3.906045183043246E+02   3.637920618266011E+02   4.091576600431055E+02   4.196960155330632E+02
  3.170000000000018E+01   3.977196570335967E+02   3.894921774966612E+02   3.626761176611698E+02   4.081042261224374E+02   4.186891066573353E+02
  3.180000000000018E+01   3.966165165091232E+02   3.884073721319353E+02   3.615883642127067E+02   4.070747362195818E+02   4.177026876786045E+02
  3.190000000000018E+01   3.955409240946734E+02   3.873489116609366E+02   3.605277088840626E+02   4.060682235701127E+02   4.167360101838112E+02
  3.200000000000018E+01   3.944916157700505E+02   3.863156485227195E+02   3.594930869769657E+02   4.050838276160175E+02   4.157883661983869E+02
  3.210000000000019E+01   3.934674221390160E+02   3.853066038887220E+02   3.584834780217508E+02   4.041206017473493E+02   4.148590774463581E+02
  3.220000000000019E+01   3.924672210871613E+02   3.843207693816195E+02   3.574979201194384E+02   4.031777028530537E+02   4.139475329046074E+02
  3.230000000000019E+01   3.914899615253829E+02   3.833572002474896E+02   3.565355244226662E+02   4.022543185824247E+02   4.130530993019210E+02
  3.240000000000019E+01   3.905346267788185E+02   3.824149009592273E+02   3.555954108628846E+02   4.013495062318004E+02   4.121752598850105E+02
  3.250000000000019E+01   3.896002913937895E+02   3.814930669917809E+02   3.546767167449040E+02   4.004626868209783E+02   4.113133991926418E+02
  3.260000000000019E+01   3.886860907799551E+02   3.805909238726664E+02   3.537786269569644E+02   3.995932159584960E+02   4.104669462667783E+02
  3.270000000000019E+01   3.877912106306064E+02   3.797077431278459E+02   3.529003988930817E+02   3.987404710846665E+02   4.096353564094218E+02
  3.280000000000020E+01   3.869148779914026E+02   3.788428110416994E+02   3.520413165197303E+02   3.979038400124369E+02   4.088181248910934E+02
  3.290000000000020E+01   3.860563548405026E+02   3.779954402830313E+02   3.512006917531261E+02   3.970827354193061E+02   4.080147894526208E+02
  3.300000000000020E+01   3.852149624750754E+02   3.771649961474513E+02   3.503778670475276E+02   3.962766166274343E+02   4.072248928094413E+02
  3.310000000000020E+01   3.843900542958120E+02   3.763508632607160E+02   3.495721986308335E+02   3.954849750973227E+02   4.064479963351154E+02
  3.320000000000020E+01   3.835809872593752E+02   3.755524393497166E+02   3.487830788522602E+02   3.947072902736008E+02   4.056836747541133E+02
  3.330000000000020E+01   3.827871851565100E+02   3.747691714924273E+02   3.480099438186931E+02   3.939430767832758E+02   4.049315228420454E+02
  3.340000000000020E+01   3.820080992199354E+02   3.740005359348814E+02   3.472522474162652E+02   3.931918818853870E+02   4.041911549233200E+02
  3.350000000000021E+01   3.812431987726255E+02   3.732460241236198E+02   3.465094632082570E+02   3.924532740186217E+02   4.034622019835671E+02
  3.360000000000021E+01   3.804919717622714E+02   3.725051458922028E+02   3.457810891245039E+02   3.917268315788256E+02   4.027443107970810E+02
  3.370000000000021E+01   3.797539492403847E+02   3.717774470078558E+02   3.450666446582543E+02   3.910121542148236E+02   4.020371418521948E+02
  3.380000000000021E+01   3.790286833234854E+02   3.710624913287130E+02   3.443656706318527E+02   3.903088684988791E+02   4.013403743848584E+02
  3.390000000000021E+01   3.783157111718773E+02   3.703597864088251E+02   3.436777211464064E+02   3.896164904940183E+02   4.006537393643325E+02
  3.400000000000021E+01   3.776145671265807E+02   3.696688767553820E+02   3.430023635851241E+02   3.889346206035229E+02   3.999769177133197E+02
  3.410000000000021E+01   3.769248807426275E+02   3.689894393035381E+02   3.423391933049779E+02   3.882630403676738E+02   3.993095971129164E+02
  3.420000000000022E+01   3.762462681802928E+02   3.683210767769452E+02   3.416878194714254E+02   3.876013461344622E+02   3.986514884325197E+02
  3.430000000000022E+01   3.755783907613688E+02   3.676634654430684E+02   3.410478730421524E+02   3.869492891808063E+02   3.980023161258478E+02
  3.440000000000022E+01   3.749209202320774E+02   3.670162968527442E+02   3.404190026917550E+02   3.863066279062858E+02   3.973618266088873E+02
  3.450000000000022E+01   3.742735247008539E+02   3.663792507825981E+02   3.398008690426971E+02   3.856730837138742E+02   3.967297691877340E+02
  3.460000000000022E+01   3.736359098008439E+02   3.657520296509161E+02   3.391931471478603E+02   3.850483988610105E+02   3.961059126818703E+02
  3.470000000000022E+01   3.730077778106314E+02   3.651343366485792E+02   3.385955228902016E+02   3.844322968311749E+02   3.954900084884778E+02
  3.480000000000022E+01   3.723888380366594E+02   3.645258814486648E+02   3.380076945660682E+02   3.838245146200497E+02   3.948818120463373E+02
  3.490000000000023E+01   3.717788182853579E+02   3.639263915333923E+02   3.374293722873807E+02   3.832248266486523E+02   3.942811303930563E+02
  3.500000000000023E+01   3.711774535243219E+02   3.633356058336556E+02   3.368602773570047E+02   3.826330084427795E+02   3.936877640470070E+02
  3.510000000000023E+01   3.705844952214082E+02   3.627532755370963E+02   3.363001419656791E+02   3.820488430970536E+02   3.931015210020319E+02
  3.520000000000023E+01   3.699997007376605E+02   3.621791575935411E+02   3.357487090805200E+02   3.814721199561251E+02   3.925222125068713E+02
  3.530000000000023E+01   3.694228351961078E+02   3.616130176349363E+02   3.352057302783437E+02   3.809026316055512E+02   3.919496496973011E+02
  3.540000000000023E+01   3.688536783448436E+02   3.610546324057079E+02   3.346709662961277E+02   3.803401821093751E+02   3.913836585051637E+02
  3.550000000000023E+01   3.682920166441347E+02   3.605037876492493E+02   3.341441866035735E+02   3.797845823051082E+02   3.908240574936624E+02
  3.560000000000024E+01   3.677376349007106E+02   3.599602640678123E+02   3.336251659940080E+02   3.792356333209913E+02   3.902706739408060E+02
  3.570000000000024E+01   3.671903154173408E+02   3.594238450217811E+02   3.331136851337802E+02   3.786931362293302E+02   3.897233390923037E+02
  3.580000000000024E+01   3.666498716681886E+02   3.588943477719290E+02   3.326095369740452E+02   3.781569392936159E+02   3.891819069084672E+02
  3.590000000000024E+01   3.661161209380684E+02   3.583715877720881E+02   3.321125228831883E+02   3.776268794086651E+02   3.886462326390243E+02
  3.600000000000024E+01   3.655888784842995E+02   3.578553726685967E+02   3.316224486160683E+02   3.771027763956414E+02   3.881161618756042E+02
  3.610000000000024E+01   3.650679760225183E+02   3.573455383306419E+02   3.311391292687587E+02   3.765844931904930E+02   3.875915594869898E+02
  3.620000000000024E+01   3.645532420071078E+02   3.568419177355937E+02   3.306623864762278E+02   3.760718819069392E+02   3.870722905052937E+02
  3.630000000000025E+01   3.640445187736742E+02   3.563443503326091E+02   3.301920479687399E+02   3.755647995289004E+02   3.865582249959991E+02
  3.640000000000025E+01   3.635416538780091E+02   3.558526811941449E+02   3.297279475630682E+02   3.750631078671881E+02   3.860492368630150E+02
  3.650000000000025E+01   3.630444929681084E+02   3.553667540113289E+02   3.292699235170913E+02   3.745666583270627E+02   3.855451792889581E+02
  3.660000000000025E+01   3.625528906916604E+02   3.548864210916931E+02   3.288178195304008E+02   3.740753185657595E+02   3.850459313745325E+02
  3.670000000000025E+01   3.620667065478025E+02   3.544115419021936E+02   3.283714848475454E+02   3.735889657892571E+02   3.845513853252384E+02
  3.680000000000025E+01   3.615858025084708E+02   3.539419795594824E+02   3.279307736283482E+02   3.731074783383495E+02   3.840614312118338E+02
  3.690000000000025E+01   3.611100493716386E+02   3.534776029466136E+02   3.274955449218813E+02   3.726307404790570E+02   3.835759638104729E+02
  3.700000000000026E+01   3.606393215173428E+02   3.530182851778242E+02   3.270656625794502E+02   3.721586391246236E+02   3.830948792499449E+02
  3.710000000000026E+01   3.601734951473337E+02   3.525639020534346E+02   3.266409947384926E+02   3.716910617926026E+02   3.826180734573764E+02
  3.720000000000026E+01   3.597124519412409E+02   3.521143337068236E+02   3.262214137267110E+02   3.712279007709700E+02   3.821454462997959E+02
  3.730000000000026E+01   3.592560767936872E+02   3.516694644527069E+02   3.258067953709277E+02   3.707690531933238E+02   3.816768998897358E+02
  3.740000000000026E+01   3.588042578439475E+02   3.512291814376509E+02   3.253970190356889E+02   3.703144176425474E+02   3.812123392483133E+02
  3.750000000000026E+01   3.583568867653478E+02   3.507933746917235E+02   3.249919683660493E+02   3.698638938422696E+02   3.807516735313146E+02
  3.760000000000026E+01   3.579138583787904E+02   3.503619380141494E+02   3.245915307670876E+02   3.694173859892451E+02   3.802948149196567E+02
  3.770000000000027E+01   3.574750707841776E+02   3.499347692016736E+02   3.241955969428720E+02   3.689748027241499E+02   3.798416780971380E+02
  3.780000000000027E+01   3.570404253577254E+02   3.495117687664790E+02   3.238040610855859E+02   3.685360541820514E+02   3.793921801629084E+02
  3.790000000000027E+01   3.566098264123846E+02   3.490928398087046E+02   3.234168207184735E+02   3.681010523378771E+02   3.789462401403403E+02
  3.800000000000027E+01   3.561831807490854E+02   3.486778886932699E+02   3.230337765723696E+02   3.676697124897195E+02   3.785037793466528E+02
  3.810000000000027E+01   3.557603970730956E+02   3.482668241821988E+02   3.226548323384425E+02   3.672419515865474E+02   3.780647202966008E+02
  3.820000000000027E+01   3.553413875757000E+02   3.478595577337321E+02   3.222798944801737E+02   3.668176892692883E+02   3.776289885046057E+02
  3.830000000000027E+01   3.549260665929264E+02   3.474560028875621E+02   3.219088720463444E+02   3.663968467254142E+02   3.771965109292073E+02
  3.840000000000028E+01   3.545143516158599E+02   3.470560765235789E+02   3.215416768772155E+02   3.659793482807605E+02   3.767672162381812E+02
  3.850000000000028E+01   3.541061625564325E+02   3.466596978216024E+02   3.211782234052425E+02   3.655651202899303E+02   3.763410352503416E+02
  3.860000000000028E+01   3.537014222091764E+02   3.462667887212174E+02   3.208184287010891E+02   3.651540918831881E+02   3.759179015243598E+02
  3.870000000000028E+01   3.533000556189920E+02   3.458772735872883E+02   3.204622123566617E+02   3.647461944783919E+02   3.754977506444330E+02
  3.880000000000028E+01   3.529019897405710E+02   3.454910788799638E+02   3.201094963254630E+02   3.643413611428754E+02   3.750805200216796E+02
  3.890000000000028E+01   3.525071534019172E+02   3.451081328862452E+02   3.197602047737597E+02   3.639395263850377E+02   3.746661481193386E+02
  3.900000000000028E+01   3.521154776469381E+02   3.447283658741746E+02   3.194142640088843E+02   3.635406263111909E+02   3.742545752567930E+02
  3.910000000000029E+01   3.517268952548058E+02   3.443517101145403E+02   3.190716023707121E+02   3.631445992782426E+02   3.738457434737156E+02
  3.920000000000029E+01   3.513413410781124E+02   3.439780999767941E+02   3.187321502548204E+02   3.627513855981208E+02   3.734395966332878E+02
  3.930000000000029E+01   3.509587517146144E+02   3.436074716131550E+02   3.183958400029404E+02   3.623609270416173E+02   3.730360798325700E+02
  3.940000000000029E+01   3.505790657402551E+02   3.432397629908729E+02   3.180626058916949E+02   3.619731669939755E+02   3.726351400175157E+02
  3.950000000000029E+01   3.502022235643796E+02   3.428749139039201E+02   3.177323840534394E+02   3.615880506082678E+02   3.722367256767352E+02
  3.960000000000029E+01   3.498281673129409E+02   3.425128659428730E+02   3.174051124197875E+02   3.612055248195262E+02   3.718407867932652E+02
  3.970000000000029E+01   3.494568406972727E+02   3.421535623305134E+02   3.170807306947163E+02   3.608255378920848E+02   3.714472747322081E+02
  3.980000000000030E+01   3.490881888280573E+02   3.417969477511724E+02   3.167591802519783E+02   3.604480393344523E+02   3.710561420570923E+02
  3.990000000000030E+01   3.487221580414428E+02   3.414429681901221E+02   3.164404040076298E+02   3.600729797345729E+02   3.706673422289778E+02
  4.000000000000030E+01   3.483586963837798E+02   3.410915712316706E+02   3.161243464270079E+02   3.597003112115402E+02   3.702808300815300E+02
  4.010000000000030E+01   3.479977531431399E+02   3.407427057397714E+02   3.158109533835199E+02   3.593299870398806E+02   3.698965616920063E+02
  4.020000000000030E+01   3.476392789720829E+02   3.403963218658349E+02   3.155001720742158E+02   3.589619616495616E+02   3.695144942303992E+02
  4.030000000000030E+01   3.472832256575251E+02   3.400523709154453E+02   3.151919508850752E+02   3.585961905585752E+02   3.691345858216264E+02
  4.040000000000030E+01   3.469295458987840E+02   3.397108051646659E+02   3.148862392339589E+02   3.582326301194601E+02   3.687567953184505E+02
  4.050000000000031E+01   3.465781931555231E+02   3.393715776603772E+02   3.145829873852892E+02   3.578712373324031E+02   3.683810821265557E+02
  4.060000000000031E+01   3.462291215774663E+02   3.390346421153774E+02   3.142821462753597E+02   3.575119698339903E+02   3.680074062335815E+02
  4.070000000000031E+01   3.458822857475029E+02   3.386999526896795E+02   3.139836673360655E+02   3.571547856068236E+02   3.676357278983761E+02
  4.080000000000031E+01   3.455376405832677E+02   3.383674638374903E+02   3.136875023383093E+02   3.567996428040429E+02   3.672660075511429E+02
  4.090000000000031E+01   3.451951412155602E+02   3.380371301884268E+02   3.133936032538026E+02   3.564464997322921E+02   3.668982056956087E+02
  4.100000000000031E+01   3.448547428893582E+02   3.377089064616969E+02   3.131019221389553E+02   3.560953147322150E+02   3.665322828247336E+02
  4.110000000000031E+01   3.445164008154249E+02   3.373827473393901E+02   3.128124110230676E+02   3.557460460553448E+02   3.661681992343582E+02
  4.120000000000032E+01   3.441800700736445E+02   3.370586073600526E+02   3.125250218239637E+02   3.553986517099332E+02   3.658059149510668E+02
  4.130000000000032E+01   3.438457055184028E+02   3.367364408225379E+02   3.122397062759482E+02   3.550530893820870E+02   3.654453896362588E+02
  4.140000000000032E+01   3.435132616964393E+02   3.364162017212965E+02   3.119564158715511E+02   3.547093163840557E+02   3.650865824948805E+02
  4.150000000000032E+01   3.431826927763491E+02   3.360978436927892E+02   3.116751018204731E+02   3.543672895742349E+02   3.647294522026056E+02
  4.160000000000032E+01   3.428539524842552E+02   3.357813199544991E+02   3.113957150186506E+02   3.540269652817274E+02   3.643739568357688E+02
  4.170000000000032E+01   3.425269940596946E+02   3.354665832665968E+02   3.111182060317346E+02   3.536882992444559E+02   3.640200538011352E+02
  4.180000000000032E+01   3.422017702678266E+02   3.351535859523779E+02   3.108425251107078E+02   3.533512466303135E+02   3.636676998350179E+02
  4.190000000000033E+01   3.418782333757986E+02   3.348422798845480E+02   3.105686222101816E+02   3.530157620121421E+02   3.633168509829450E+02
  4.200000000000033E+01   3.415563352036234E+02   3.345326165210000E+02   3.102964470275692E+02   3.526817994006215E+02   3.629674626331964E+02
  4.210000000000033E+01   3.412360271604830E+02   3.342245469501948E+02   3.100259490540432E+02   3.523493122817152E+02   3.626194895516699E+02
  4.220000000000033E+01   3.409172602492823E+02   3.339180219152975E+02   3.097570776254526E+02   3.520182536131872E+02   3.622728858812458E+02
  4.230000000000033E+01   3.405999850750389E+02   3.336129918433251E+02   3.094897819791307E+02   3.516885758687860E+02   3.619276051450361E+02
  4.240000000000033E+01   3.402841519357742E+02   3.333094069217933E+02   3.092240113218288E+02   3.513602310888800E+02   3.615836003183973E+02
  4.250000000000033E+01   3.399697109004442E+02   3.330072171662937E+02   3.089597149039106E+02   3.510331709520690E+02   3.612408239031171E+02
  4.260000000000034E+01   3.396566119036946E+02   3.327063725099813E+02   3.086968421029603E+02   3.507073468672318E+02   3.608992280315538E+02
  4.270000000000034E+01   3.393448048474202E+02   3.324068229027723E+02   3.084353425124511E+02   3.503827100948930E+02   3.605587645767961E+02
  4.280000000000034E+01   3.390342396822789E+02   3.321085184048746E+02   3.081751660334638E+02   3.500592118357590E+02   3.602193852419450E+02
  4.290000000000034E+01   3.387248664941822E+02   3.318114092750436E+02   3.079162629642790E+02   3.497368033072298E+02   3.598810416455165E+02
  4.300000000000034E+01   3.384166356014607E+02   3.315154460617676E+02   3.076585840904402E+02   3.494154358427361E+02   3.595436854213337E+02
  4.310000000000034E+01   3.381094976386055E+02   3.312205796919823E+02   3.074020807700971E+02   3.490950609843189E+02   3.592072683116523E+02
  4.320000000000034E+01   3.378034036448857E+02   3.309267615575441E+02   3.071467050166713E+02   3.487756305737214E+02   3.588717422690700E+02
  4.330000000000035E+01   3.374983051357038E+02   3.306339435878611E+02   3.068924095716766E+02   3.484570968302829E+02   3.585370595343009E+02
  4.340000000000035E+01   3.371941542018428E+02   3.303420783443872E+02   3.066391479839526E+02   3.481394124461968E+02   3.582031727358777E+02
  4.350000000000035E+01   3.368909035858040E+02   3.300511190938985E+02   3.063868746783832E+02   3.478225306705611E+02   3.578700349778749E+02
  4.360000000000035E+01   3.365885067597891E+02   3.297610198846040E+02   3.061355450218723E+02   3.475064053943859E+02   3.575375999276952E+02
  4.370000000000035E+01   3.362869180021510E+02   3.294717356199587E+02   3.058851153843980E+02   3.471909912343412E+02   3.572058219048239E+02
  4.380000000000035E+01   3.359860924653576E+02   3.291832221233841E+02   3.056355431929309E+02   3.468762435998516E+02   3.568746559592566E+02
  4.390000000000035E+01   3.356859862410403E+02   3.288954361978238E+02   3.053867869802526E+02   3.465621187673253E+02   3.565440579482831E+02
  4.400000000000036E+01   3.353865563993111E+02   3.286083356695824E+02   3.051388064241213E+02   3.462485739257764E+02   3.562139845847478E+02
  4.410000000000036E+01   3.350877610367251E+02   3.283218794315136E+02   3.048915623806946E+02   3.459355672302685E+02   3.558843934939879E+02
  4.420000000000036E+01   3.347895593363676E+02   3.280360274943321E+02   3.046450169156175E+02   3.456230578672086E+02   3.555552432889485E+02
  4.430000000000036E+01   3.344919116224164E+02   3.277507410331174E+02   3.043991333315022E+02   3.453110061148326E+02   3.552264936407319E+02
  4.440000000000036E+01   3.341947794058240E+02   3.274659824263456E+02   3.041538761902865E+02   3.449993733960669E+02   3.548981053378488E+02
  4.450000000000036E+01   3.338981254228255E+02   3.271817152894383E+02   3.039092113302128E+02   3.446881223231560E+02   3.545700403387216E+02
  4.460000000000036E+01   3.336019136658690E+02   3.268979045011595E+02   3.036651058775006E+02   3.443772167354273E+02   3.542422618160352E+02
  4.470000000000037E+01   3.333061094073431E+02   3.266145162233746E+02   3.034215282527576E+02   3.440666217292360E+02   3.539147341931445E+02
  4.480000000000037E+01   3.330106792152087E+02   3.263315179135680E+02   3.031784481722282E+02   3.437563036795851E+02   3.535874231705143E+02
  4.490000000000037E+01   3.327155909636964E+02   3.260488783323399E+02   3.029358366442779E+02   3.434462302562641E+02   3.532602957466166E+02
  4.500000000000037E+01   3.324208138399446E+02   3.257665675465830E+02   3.026936659617890E+02   3.431363704355327E+02   3.529333202342600E+02
  4.510000000000037E+01   3.321263183467705E+02   3.254845569286182E+02   3.024519096908884E+02   3.428266945073751E+02   3.526064662724687E+02
  4.520000000000037E+01   3.318320763008922E+02   3.252028191511527E+02   3.022105426562148E+02   3.425171740781801E+02   3.522797048335676E+02
  4.530000000000037E+01   3.315380608268259E+02   3.249213281784147E+02   3.019695409232424E+02   3.422077820689250E+02   3.519530082253067E+02
  4.540000000000038E+01   3.312442463438297E+02   3.246400592515971E+02   3.017288817772605E+02   3.418984927058506E+02   3.516263500841828E+02
  4.550000000000038E+01   3.309506085534761E+02   3.243589888736665E+02   3.014885437004559E+02   3.415892815115751E+02   3.512997053699318E+02
  4.560000000000038E+01   3.306571244269929E+02   3.240780947936148E+02   3.012485063478578E+02   3.412801252958971E+02   3.509730503598952E+02
  4.570000000000038E+01   3.303637721910419E+02   3.237973559891954E+02   3.010087505221156E+02   3.409710021447323E+02   3.506463626413052E+02
  4.580000000000038E+01   3.300705313109647E+02   3.235167526475323E+02   3.007692581469713E+02   3.406618914062610E+02   3.503196211003830E+02
  4.590000000000038E+01   3.297773824711928E+02   3.232362661433347E+02   3.005300122393677E+02   3.403527736739284E+02   3.499928059078637E+02
  4.600000000000038E+01   3.294843075524982E+02   3.229558790145728E+02   3.002909968802474E+02   3.400436307659763E+02   3.496658985004802E+02
  4.610000000000039E+01   3.291912896064242E+02   3.226755749357907E+02   3.000521971841474E+02   3.397344457017905E+02   3.493388815587618E+02
  4.620000000000039E+01   3.288983128281370E+02   3.223953386898704E+02   2.998135992678628E+02   3.394252026762841E+02   3.490117389826195E+02
  4.630000000000039E+01   3.286053625273372E+02   3.221151561381557E+02   2.995751902182926E+02   3.391158870320263E+02   3.486844558643219E+02
  4.640000000000039E+01   3.283124250982531E+02   3.218350141897569E+02   2.993369580598619E+02   3.388064852302492E+02   3.483570184601724E+02
  4.650000000000039E+01   3.280194879891255E+02   3.215549007703851E+02   2.990988917217917E+02   3.384969848211556E+02   3.480294141613660E+02
  4.660000000000039E+01   3.277265396713715E+02   3.212748047909504E+02   2.988609810054226E+02   3.381873744137470E+02   3.477016314642332E+02
  4.670000000000039E+01   3.274335696083756E+02   3.209947161159265E+02   2.986232165516772E+02   3.378776436451332E+02   3.473736599398077E+02
  4.680000000000040E+01   3.271405682238955E+02   3.207146255315180E+02   2.983855898087410E+02   3.375677831493198E+02   3.470454902026904E+02
  4.690000000000040E+01   3.268475268699329E+02   3.204345247135307E+02   2.981480929999748E+02   3.372577845253088E+02   3.467171138790042E+02
  4.700000000000040E+01   3.265544377944047E+02   3.201544061951780E+02   2.979107190921537E+02   3.369476403048666E+02   3.463885235738627E+02
  4.710000000000040E+01   3.262612941088405E+02   3.198742633350299E+02   2.976734617641467E+02   3.366373439202195E+02   3.460597128386620E+02
  4.720000000000040E+01   3.259680897564347E+02   3.195940902853634E+02   2.974363153761937E+02   3.363268896719692E+02   3.457306761384820E+02
  4.730000000000040E+01   3.256748194803485E+02   3.193138819608580E+02   2.971992749397774E+02   3.360162726971962E+02   3.454014088196002E+02
  4.740000000000040E+01   3.253814787924293E+02   3.190336340077764E+02   2.969623360881766E+02   3.357054889378926E+02   3.450719070772526E+02
  4.750000000000041E+01   3.250880639423298E+02   3.187533427736357E+02   2.967254950477168E+02   3.353945351097398E+02   3.447421679236764E+02
  4.760000000000041E+01   3.247945718872788E+02   3.184730052775586E+02   2.964887486098153E+02   3.350834086714443E+02   3.444121891566294E+02
  4.770000000000041E+01   3.245010002623703E+02   3.181926191812174E+02   2.962520941037964E+02   3.347721077945463E+02   3.440819693283325E+02
  4.780000000000041E+01   3.242073473514508E+02   3.179121827604340E+02   2.960155293705004E+02   3.344606313337770E+02   3.437515077149059E+02
  4.790000000000041E+01   3.239136120586127E+02   3.176316948774403E+02   2.957790527366936E+02   3.341489787979732E+02   3.434208042863133E+02
  4.800000000000041E+01   3.236197938803392E+02   3.173511549538385E+02   2.955426629902903E+02   3.338371503215915E+02   3.430898596768538E+02
  4.810000000000041E+01   3.233258928782627E+02   3.170705629442280E+02   2.953063593563730E+02   3.335251466367996E+02   3.427586751561897E+02
  4.820000000000041E+01   3.230319096525758E+02   3.167899193105276E+02   2.950701414740109E+02   3.332129690461730E+02   3.424272526009341E+02
  4.830000000000042E+01   3.227378453160754E+02   3.165092249969715E+02   2.948340093738624E+02   3.329006193959887E+02   3.420955944667996E+02
  4.840000000000042E+01   3.224437014688438E+02   3.162284814057899E+02   2.945979634565504E+02   3.325881000501252E+02   3.417637037613169E+02
  4.850000000000042E+01   3.221494801735811E+02   3.159476903735601E+02   2.943620044717975E+02   3.322754138645772E+02   3.414315840171412E+02
  4.860000000000042E+01   3.218551839315878E+02   3.156668541482449E+02   2.941261334983102E+02   3.319625641625962E+02   3.410992392659581E+02
  4.870000000000042E+01   3.215608156594094E+02   3.153859753669007E+02   2.938903519243943E+02   3.316495547104614E+02   3.407666740130070E+02
  4.880000000000042E+01   3.212663786661465E+02   3.151050570340736E+02   2.936546614292969E+02   3.313363896939016E+02   3.404338932122386E+02
  4.890000000000042E+01   3.209718766314410E+02   3.148241025008721E+02   2.934190639652510E+02   3.310230736951677E+02   3.401009022421173E+02
  4.900000000000043E+01   3.206773135841428E+02   3.145431154447170E+02   2.931835617402223E+02   3.307096116707694E+02   3.397677068820869E+02
  4.910000000000043E+01   3.203826938816554E+02   3.142620998497728E+02   2.929481572013270E+02   3.303960089298807E+02   3.394343132897068E+02
  4.920000000000043E+01   3.200880221899677E+02   3.139810599880485E+02   2.927128530189262E+02   3.300822711134192E+02   3.391007279784660E+02
  4.930000000000043E+01   3.197933034643661E+02   3.137000004011688E+02   2.924776520713629E+02   3.297684041737980E+02   3.387669577962844E+02
  4.940000000000043E+01   3.194985429308251E+02   3.134189258828051E+02   2.922425574303399E+02   3.294544143553500E+02   3.384330099046981E+02
  4.950000000000043E+01   3.192037460680688E+02   3.131378414617593E+02   2.920075723469158E+02   3.291403081754248E+02   3.380988917587299E+02
  4.960000000000043E+01   3.189089185902990E+02   3.128567523856885E+02   2.917727002381033E+02   3.288260924061450E+02   3.377646110874457E+02
  4.970000000000044E+01   3.186140664305748E+02   3.125756641054616E+02   2.915379446740546E+02   3.285117740568234E+02   3.374301758751829E+02
  4.980000000000044E+01   3.183191957248350E+02   3.122945822601330E+02   2.913033093658161E+02   3.281973603570227E+02   3.370955943434515E+02
  4.990000000000044E+01   3.180243127965508E+02   3.120135126625195E+02   2.910687981536341E+02   3.278828587402538E+02   3.367608749334918E+02
  5.000000000000044E+01   3.177294241419966E+02   3.117324612853700E+02   2.908344149957955E+02   3.275682768282973E+02   3.364260262894819E+02
  5.010000000000044E+01   3.174345364161152E+02   3.114514342481027E+02   2.906001639579842E+02   3.272536224161324E+02   3.360910572423794E+02
  5.020000000000044E+01   3.171396564189751E+02   3.111704378041085E+02   2.903660492031369E+02   3.269389034574651E+02   3.357559767943865E+02
  5.030000000000044E+01   3.168447910827921E+02   3.108894783285908E+02   2.901320749817802E+02   3.266241280508365E+02   3.354207941040215E+02
  5.040000000000045E+01   3.165499474595055E+02   3.106085623069350E+02   2.898982456228328E+02   3.263093044262950E+02   3.350855184717839E+02
  5.050000000000045E+01   3.162551327088894E+02   3.103276963235859E+02   2.896645655248545E+02   3.259944409326219E+02   3.347501593263959E+02
  5.060000000000045E+01   3.159603540871835E+02   3.100468870514172E+02   2.894310391477243E+02   3.256795460250876E+02   3.344147262116073E+02
  5.070000000000045E+01   3.156656189362258E+02   3.097661412415826E+02   2.891976710047344E+02   3.253646282537308E+02   3.340792287735449E+02
  5.080000000000045E+01   3.153709346730708E+02   3.094854657138214E+02   2.889644656550810E+02   3.250496962521357E+02   3.337436767485920E+02
  5.090000000000045E+01   3.150763087800802E+02   3.092048673472164E+02   2.887314276967379E+02   3.247347587267018E+02   3.334080799517842E+02
  5.100000000000045E+01   3.147817487954622E+02   3.089243530713754E+02   2.884985617596957E+02   3.244198244463788E+02   3.330724482657012E+02
  5.110000000000046E+01   3.144872623042532E+02   3.086439298580295E+02   2.882658724995559E+02   3.241049022328626E+02   3.327367916298434E+02
  5.120000000000046E+01   3.141928569297186E+02   3.083636047130313E+02   2.880333645914584E+02   3.237900009512318E+02   3.324011200304765E+02
  5.130000000000046E+01   3.138985403251633E+02   3.080833846687383E+02   2.878010427243370E+02   3.234751295010092E+02   3.320654434909290E+02
  5.140000000000046E+01   3.136043201661317E+02   3.078032767767643E+02   2.875689115954820E+02   3.231602968076355E+02   3.317297720623274E+02
  5.150000000000046E+01   3.133102041429908E+02   3.075232881010925E+02   2.873369759054030E+02   3.228455118143447E+02   3.313941158147572E+02
  5.160000000000046E+01   3.130161999538739E+02   3.072434257115290E+02   2.871052403529727E+02   3.225307834744190E+02   3.310584848288322E+02
  5.170000000000046E+01   3.127223152979769E+02   3.069636966774880E+02   2.868737096308466E+02   3.222161207438186E+02   3.307228891876611E+02
  5.180000000000047E+01   3.124285578691943E+02   3.066841080620975E+02   2.866423884211429E+02   3.219015325741690E+02   3.303873389691979E+02
  5.190000000000047E+01   3.121349353500796E+02   3.064046669166084E+02   2.864112813913704E+02   3.215870279060932E+02   3.300518442389613E+02
  5.200000000000047E+01   3.118414554061177E+02   3.061253802751015E+02   2.861803931905973E+02   3.212726156628786E+02   3.297164150431126E+02
  5.210000000000047E+01   3.115481256803034E+02   3.058462551494746E+02   2.859497284458479E+02   3.209583047444655E+02   3.293810614018790E+02
  5.220000000000047E+01   3.112549537880049E+02   3.055672985247054E+02   2.857192917587170E+02   3.206441040217434E+02   3.290457933033084E+02
  5.230000000000047E+01   3.109619473121113E+02   3.052885173543746E+02   2.854890877021955E+02   3.203300223311522E+02   3.287106206973501E+02
  5.240000000000047E+01   3.106691137984484E+02   3.050099185564412E+02   2.852591208176927E+02   3.200160684695651E+02   3.283755534902429E+02
  5.250000000000048E+01   3.103764607514524E+02   3.047315090092630E+02   2.850293956122537E+02   3.197022511894569E+02   3.280406015392049E+02
  5.260000000000048E+01   3.100839956300872E+02   3.044532955478414E+02   2.847999165559542E+02   3.193885791943301E+02   3.277057746474096E+02
  5.270000000000048E+01   3.097917258440075E+02   3.041752849602969E+02   2.845706880794731E+02   3.190750611344065E+02   3.273710825592424E+02
  5.280000000000048E+01   3.094996587499491E+02   3.038974839845572E+02   2.843417145718304E+02   3.187617056025656E+02   3.270365349558274E+02
  5.290000000000048E+01   3.092078016483394E+02   3.036198993052491E+02   2.841130003782845E+02   3.184485211305200E+02   3.267021414508102E+02
  5.300000000000048E+01   3.089161617801191E+02   3.033425375507920E+02   2.838845497983797E+02   3.181355161852225E+02   3.263679115863924E+02
  5.310000000000048E+01   3.086247463237704E+02   3.030654052906759E+02   2.836563670841398E+02   3.178226991654942E+02   3.260338548296058E+02
  5.320000000000049E+01   3.083335623925369E+02   3.027885090329255E+02   2.834284564384005E+02   3.175100783988662E+02   3.256999805688179E+02
  5.330000000000049E+01   3.080426170318339E+02   3.025118552217360E+02   2.832008220132703E+02   3.171976621386230E+02   3.253662981104601E+02
  5.340000000000049E+01   3.077519172168356E+02   3.022354502352780E+02   2.829734679087211E+02   3.168854585610462E+02   3.250328166759699E+02
  5.350000000000049E+01   3.074614698502386E+02   3.019593003836609E+02   2.827463981712939E+02   3.165734757628451E+02   3.246995453989400E+02
  5.360000000000049E+01   3.071712817601874E+02   3.016834119070498E+02   2.825196167929220E+02   3.162617217587701E+02   3.243664933224654E+02
  5.370000000000049E+01   3.068813596983607E+02   3.014077909739322E+02   2.822931277098620E+02   3.159502044793992E+02   3.240336693966800E+02
  5.380000000000049E+01   3.065917103382085E+02   3.011324436795211E+02   2.820669348017262E+02   3.156389317690923E+02   3.237010824764775E+02
  5.390000000000050E+01   3.063023402733354E+02   3.008573760442958E+02   2.818410418906157E+02   3.153279113841062E+02   3.233687413194075E+02
  5.400000000000050E+01   3.060132560160223E+02   3.005825940126710E+02   2.816154527403460E+02   3.150171509908645E+02   3.230366545837402E+02
  5.410000000000050E+01   3.057244639958821E+02   3.003081034517874E+02   2.813901710557619E+02   3.147066581643716E+02   3.227048308266923E+02
  5.420000000000050E+01   3.054359705586436E+02   3.000339101504231E+02   2.811652004821355E+02   3.143964403867732E+02   3.223732785028099E+02
  5.430000000000050E+01   3.051477819650560E+02   2.997600198180143E+02   2.809405446046476E+02   3.140865050460482E+02   3.220420059624988E+02
  5.440000000000050E+01   3.048599043899103E+02   2.994864380837854E+02   2.807162069479426E+02   3.137768594348317E+02   3.217110214506973E+02
  5.450000000000050E+01   3.045723439211725E+02   2.992131704959806E+02   2.804921909757566E+02   3.134675107493622E+02   3.213803331056867E+02
  5.460000000000051E+01   3.042851065592215E+02   2.989402225211946E+02   2.802685000906163E+02   3.131584660885467E+02   3.210499489580306E+02
  5.470000000000051E+01   3.039981982161926E+02   2.986675995437953E+02   2.800451376335993E+02   3.128497324531402E+02   3.207198769296413E+02
  5.480000000000051E+01   3.037116247154112E+02   2.983953068654343E+02   2.798221068841582E+02   3.125413167450332E+02   3.203901248329638E+02
  5.490000000000051E+01   3.034253917909249E+02   2.981233497046474E+02   2.795994110600047E+02   3.122332257666413E+02   3.200607003702758E+02
  5.500000000000051E+01   3.031395050871182E+02   2.978517331965261E+02   2.793770533170456E+02   3.119254662203953E+02   3.197316111330948E+02
  5.510000000000051E+01   3.028539701584151E+02   2.975804623924765E+02   2.791550367493745E+02   3.116180447083237E+02   3.194028646016902E+02
  5.520000000000051E+01   3.025687924690584E+02   2.973095422600425E+02   2.789333643893096E+02   3.113109677317274E+02   3.190744681446958E+02
  5.530000000000052E+01   3.022839773929650E+02   2.970389776828032E+02   2.787120392074821E+02   3.110042416909357E+02   3.187464290188145E+02
  5.540000000000052E+01   3.019995302136546E+02   2.967687734603346E+02   2.784910641129634E+02   3.106978728851489E+02   3.184187543686147E+02
  5.550000000000052E+01   3.017154561242443E+02   2.964989343082323E+02   2.782704419534400E+02   3.103918675123526E+02   3.180914512264118E+02
  5.560000000000052E+01   3.014317602275089E+02   2.962294648581945E+02   2.780501755154227E+02   3.100862316693089E+02   3.177645265122323E+02
  5.570000000000052E+01   3.011484475360029E+02   2.959603696581610E+02   2.778302675244939E+02   3.097809713516168E+02   3.174379870338529E+02
  5.580000000000052E+01   3.008655229722383E+02   2.956916531725043E+02   2.776107206455907E+02   3.094760924538381E+02   3.171118394869163E+02
  5.590000000000052E+01   3.005829913689213E+02   2.954233197822728E+02   2.773915374833180E+02   3.091716007696867E+02   3.167860904551144E+02
  5.600000000000053E+01   3.003008574692355E+02   2.951553737854764E+02   2.771727205822959E+02   3.088675019922744E+02   3.164607464104378E+02
  5.610000000000053E+01   3.000191259271793E+02   2.948878193974222E+02   2.769542724275290E+02   3.085638017144187E+02   3.161358137134898E+02
  5.620000000000053E+01   2.997378013079451E+02   2.946206607510897E+02   2.767361954448104E+02   3.082605054289980E+02   3.158112986138577E+02
  5.630000000000053E+01   2.994568880883446E+02   2.943539018975434E+02   2.765184920011433E+02   3.079576185293588E+02   3.154872072505401E+02
  5.640000000000053E+01   2.991763906572744E+02   2.940875468063874E+02   2.763011644051904E+02   3.076551463097725E+02   3.151635456524289E+02
  5.650000000000053E+01   2.988963133162188E+02   2.938215993662496E+02   2.760842149077420E+02   3.073530939659320E+02   3.148403197388387E+02
  5.660000000000053E+01   2.986166602797900E+02   2.935560633853015E+02   2.758676457022054E+02   3.070514665954944E+02   3.145175353200842E+02
  5.670000000000054E+01   2.983374356763021E+02   2.932909425918091E+02   2.756514589251126E+02   3.067502691986615E+02   3.141951980981027E+02
  5.680000000000054E+01   2.980586435859313E+02   2.930262406622538E+02   2.754356566696360E+02   3.064495067070283E+02   3.138733136922541E+02
  5.690000000000054E+01   2.977802879180189E+02   2.927619611329961E+02   2.752202409463681E+02   3.061491838941043E+02   3.135518875604839E+02
  5.700000000000054E+01   2.975023725500262E+02   2.924981074983280E+02   2.750052137240432E+02   3.058493054725693E+02   3.132309250843050E+02
  5.710000000000054E+01   2.972249012736697E+02   2.922346831741437E+02   2.747905769170747E+02   3.055498760605957E+02   3.129104315400321E+02
  5.720000000000054E+01   2.969478777967072E+02   2.919716914991496E+02   2.745763323858962E+02   3.052509001819069E+02   3.125904120990774E+02
  5.730000000000054E+01   2.966713057441252E+02   2.917091357357170E+02   2.743624819374542E+02   3.049523822666487E+02   3.122708718287822E+02
  5.740000000000055E+01   2.963951886591126E+02   2.914470190706890E+02   2.741490273257680E+02   3.046543266522932E+02   3.119518156933375E+02
  5.750000000000055E+01   2.961195300039487E+02   2.911853446161653E+02   2.739359702525283E+02   3.043567375845221E+02   3.116332485547184E+02
  5.760000000000055E+01   2.958443331608544E+02   2.909241154102842E+02   2.737233123677119E+02   3.040596192181051E+02   3.113151751736238E+02
  5.770000000000055E+01   2.955696014328331E+02   2.906633344179992E+02   2.735110552702077E+02   3.037629756177772E+02   3.109976002104274E+02
  5.780000000000055E+01   2.952953380445126E+02   2.904030045318671E+02   2.732992005084498E+02   3.034668107591297E+02   3.106805282261416E+02
  5.790000000000055E+01   2.950215461429880E+02   2.901431285728361E+02   2.730877495810569E+02   3.031711285295065E+02   3.103639636833938E+02
  5.800000000000055E+01   2.947482287986767E+02   2.898837092910444E+02   2.728767039374724E+02   3.028759327289144E+02   3.100479109474198E+02
  5.810000000000056E+01   2.944753890061752E+02   2.896247493666268E+02   2.726660649786114E+02   3.025812270709424E+02   3.097323742870665E+02
  5.820000000000056E+01   2.942030296851252E+02   2.893662514105234E+02   2.724558340575081E+02   3.022870151836918E+02   3.094173578758093E+02
  5.830000000000056E+01   2.939311536810858E+02   2.891082179652992E+02   2.722460124799658E+02   3.019933006107152E+02   3.091028657927773E+02
  5.840000000000056E+01   2.936597637664198E+02   2.888506515059698E+02   2.720366015052094E+02   3.017000868119696E+02   3.087889020237985E+02
  5.850000000000056E+01   2.933888626411756E+02   2.885935544408305E+02   2.718276023465399E+02   3.014073771647717E+02   3.084754704624440E+02
  5.860000000000056E+01   2.931184529339711E+02   2.883369291122805E+02   2.716190161719834E+02   3.011151749647540E+02   3.081625749110796E+02
  5.870000000000056E+01   2.928485372028886E+02   2.880807777976621E+02   2.714108441049439E+02   3.008234834268368E+02   3.078502190819284E+02
  5.880000000000057E+01   2.925791179363719E+02   2.878251027100978E+02   2.712030872248588E+02   3.005323056861997E+02   3.075384065981395E+02
  5.890000000000057E+01   2.923101975541253E+02   2.875699059993299E+02   2.709957465678471E+02   3.002416447992606E+02   3.072271409948608E+02
  5.900000000000057E+01   2.920417784080130E+02   2.873151897525593E+02   2.707888231273600E+02   2.999515037446537E+02   3.069164257203145E+02
  5.910000000000057E+01   2.917738627829592E+02   2.870609559952882E+02   2.705823178548306E+02   2.996618854242122E+02   3.066062641368767E+02
  5.920000000000057E+01   2.915064528978488E+02   2.868072066921581E+02   2.703762316603168E+02   2.993727926639517E+02   3.062966595221587E+02
  5.930000000000057E+01   2.912395509064289E+02   2.865539437477922E+02   2.701705654131468E+02   2.990842282150541E+02   3.059876150700887E+02
  5.940000000000057E+01   2.909731588982072E+02   2.863011690076319E+02   2.699653199425576E+02   2.987961947548525E+02   3.056791338919957E+02
  5.950000000000058E+01   2.907072788993480E+02   2.860488842587728E+02   2.697604960383337E+02   2.985086948878111E+02   3.053712190176894E+02
  5.960000000000058E+01   2.904419128735697E+02   2.857970912308000E+02   2.695560944514381E+02   2.982217311465118E+02   3.050638733965447E+02
  5.970000000000058E+01   2.901770627230358E+02   2.855457915966200E+02   2.693521158946444E+02   2.979353059926306E+02   3.047570998985779E+02
  5.980000000000058E+01   2.899127302892450E+02   2.852949869732867E+02   2.691485610431601E+02   2.976494218179156E+02   3.044509013155258E+02
  5.990000000000058E+01   2.896489173539154E+02   2.850446789228279E+02   2.689454305352493E+02   2.973640809451626E+02   3.041452803619185E+02
  6.000000000000058E+01   2.893856256398670E+02   2.847948689530634E+02   2.687427249728481E+02   2.970792856291836E+02   3.038402396761501E+02
