  1.000000000000000E-01   2.000000000000000E+01   1.498801299184901E+02   1.499479533433960E+02   1.499479230564598E+02   1.499742522222689E+02
  2.000000000000000E-01   2.000000000000000E+01   1.498063181413400E+02   1.498944914774285E+02   1.499138217960726E+02   1.499468911079516E+02
  3.000000000000000E-01   2.000000000000000E+01   1.497505367351275E+02   1.498469362666856E+02   1.498849358826499E+02   1.499200688837662E+02
  4.000000000000000E-01   2.000000000000000E+01   1.497041639896619E+02   1.498048224009594E+02   1.498577882017267E+02   1.498936214504219E+02
  5.000000000000000E-01   2.000000000000000E+01   1.496636514282383E+02   1.497669265946299E+02   1.498312610054561E+02   1.498673394946639E+02
  6.000000000000000E-01   2.000000000000000E+01   1.496271904653902E+02   1.497322562759389E+02   1.498049605395693E+02   1.498411210348835E+02
  7.000000000000000E-01   2.000000000000000E+01   1.495937143170116E+02   1.497000891088859E+02   1.497787432776485E+02   1.498149255577404E+02
  7.999999999999999E-01   2.000000000000000E+01   1.495625285127192E+02   1.496699009206270E+02   1.497525579086922E+02   1.497887398857789E+02
  8.999999999999999E-01   2.000000000000000E+01   1.495331502464626E+02   1.496413044650165E+02   1.497263883900882E+02   1.497625623233139E+02
  9.999999999999999E-01   2.000000000000000E+01   1.495052288693335E+02   1.496140081079671E+02   1.497002327708219E+02   1.497363962718620E+02
  1.100000000000000E+00   2.000000000000000E+01   1.494785021965807E+02   1.495877887560774E+02   1.496740953814412E+02   1.497102479832812E+02
  1.200000000000000E+00   2.000000000000000E+01   1.494527704072176E+02   1.495624738203368E+02   1.496479841516244E+02   1.496841260123626E+02
  1.300000000000000E+00   2.000000000000000E+01   1.494278794032804E+02   1.495379288695327E+02   1.496219099097544E+02   1.496580413394486E+02
  1.400000000000000E+00   2.000000000000000E+01   1.494037096402039E+02   1.495140489531945E+02   1.495958864362615E+02   1.496320077410101E+02
  1.500000000000000E+00   2.000000000000000E+01   1.493801684211171E+02   1.494907523624923E+02   1.495699307942584E+02   1.496060422347176E+02
  1.600000000000000E+00   2.000000000000000E+01   1.493571842956427E+02   1.494679760630979E+02   1.495440637398205E+02   1.495801655262434E+02
  1.700000000000000E+00   2.000000000000000E+01   1.493347029820021E+02   1.494456723002240E+02   1.495183101285530E+02   1.495544024283499E+02
  1.800000000000000E+00   2.000000000000000E+01   1.493126843554627E+02   1.494238060385050E+02   1.494926992891016E+02   1.495287822385531E+02
  1.900000000000001E+00   2.000000000000000E+01   1.492911001607447E+02   1.494023530090326E+02   1.494672653518109E+02   1.495033390679540E+02
  2.000000000000000E+00   2.000000000000000E+01   1.492699322554397E+02   1.493812982029933E+02   1.494420475273115E+02   1.494781121182349E+02
  2.100000000000001E+00   2.000000000000000E+01   1.492491712461265E+02   1.493606346953042E+02   1.494170903335066E+02   1.494531459065401E+02
  2.200000000000001E+00   2.000000000000000E+01   1.492288154162224E+02   1.493403627141942E+02   1.493924437711888E+02   1.494284904392643E+02
  2.300000000000001E+00   2.000000000000000E+01   1.492088698713604E+02   1.493204888950017E+02   1.493681634499669E+02   1.494042013366143E+02
  2.400000000000001E+00   2.000000000000000E+01   1.491893458489594E+02   1.493010256736690E+02   1.493443106666621E+02   1.493803399100351E+02
  2.500000000000001E+00   2.000000000000000E+01   1.491702601523576E+02   1.492819907863542E+02   1.493209524384863E+02   1.493569731947413E+02
  2.600000000000001E+00   2.000000000000000E+01   1.491516346802737E+02   1.492634068503916E+02   1.492981614934064E+02   1.493341739396681E+02
  2.700000000000001E+00   2.000000000000000E+01   1.491334960668144E+02   1.492453010065884E+02   1.492760162267499E+02   1.493120205558785E+02
  2.800000000000001E+00   2.000000000000000E+01   1.491158752664213E+02   1.492277046127111E+02   1.492546006164757E+02   1.492905970274262E+02
  2.900000000000001E+00   2.000000000000001E+01   1.490988071924535E+02   1.492106529770745E+02   1.492340040790931E+02   1.492699927935011E+02
  3.000000000000001E+00   2.000000000000000E+01   1.490823306789418E+02   1.491941851090736E+02   1.492143213217608E+02   1.492503026025457E+02
  3.100000000000001E+00   2.000000000000000E+01   1.490664881372613E+02   1.491783435028772E+02   1.491956521802267E+02   1.492316263383871E+02
  3.200000000000002E+00   2.000000000000000E+01   1.490513253173393E+02   1.491631739427901E+02   1.491781014375053E+02   1.492140688301695E+02
  3.300000000000002E+00   2.000000000000000E+01   1.490368911174562E+02   1.491487253194607E+02   1.491617786294269E+02   1.491977396556964E+02
  3.400000000000002E+00   2.000000000000000E+01   1.490232374110830E+02   1.491350494585373E+02   1.491467978455474E+02   1.491827529437070E+02
  3.500000000000002E+00   2.000000000000000E+01   1.490104188877464E+02   1.491222009649453E+02   1.491332775315461E+02   1.491692271783304E+02
  3.600000000000002E+00   2.000000000000000E+01   1.489984929082515E+02   1.491102370820816E+02   1.491213402959760E+02   1.491572850072780E+02
  3.700000000000002E+00   2.000000000000000E+01   1.489875193753246E+02   1.490992175662715E+02   1.491111127213118E+02   1.491470530536122E+02
  3.800000000000002E+00   2.000000000000000E+01   1.489775606199474E+02   1.490892045759360E+02   1.491027251776205E+02   1.491386617296436E+02
  3.900000000000002E+00   2.000000000000000E+01   1.489686813015406E+02   1.490802625747388E+02   1.490963116363762E+02   1.491322450504880E+02
  4.000000000000002E+00   2.000000000000000E+01   1.489609483234192E+02   1.490724582478830E+02   1.490920094807936E+02   1.491279404445565E+02
  4.100000000000001E+00   2.000000000000000E+01   1.489544304161143E+02   1.490658604447452E+02   1.490899592204647E+02   1.491258885758694E+02
  4.200000000000001E+00   2.000000000000000E+01   1.489491993890232E+02   1.490605400724593E+02   1.490903044456811E+02   1.491262331336122E+02
  4.300000000000001E+00   2.000000000000000E+01   1.489453284408067E+02   1.490565700816976E+02   1.490931916364882E+02   1.491291206072255E+02
  4.400000000000000E+00   2.000000000000000E+01   1.489428926470819E+02   1.490540254116160E+02   1.490987699292451E+02   1.491347001086877E+02
  4.500000000000000E+00   2.000000000000000E+01   1.489419690905496E+02   1.490529829144132E+02   1.491071909175553E+02   1.491431232232842E+02
  4.600000000000000E+00   2.000000000000000E+01   1.489426368038717E+02   1.490535213109840E+02   1.491186085078426E+02   1.491545438795130E+02
  4.699999999999999E+00   2.000000000000000E+01   1.489449767125261E+02   1.490557211681322E+02   1.491331788191907E+02   1.491691182419975E+02
  4.799999999999999E+00   2.000000000000000E+01   1.489490716052621E+02   1.490596648862971E+02   1.491510601132824E+02   1.491870046304364E+02
  4.899999999999999E+00   2.000000000000000E+01   1.489550061299911E+02   1.490654366996053E+02   1.491724127447302E+02   1.492083634618157E+02
  4.999999999999998E+00   2.000000000000000E+01   1.489628668084829E+02   1.490731226918229E+02   1.491973991210918E+02   1.492333572069130E+02
  5.099999999999998E+00   2.000000000000000E+01   1.489727420732837E+02   1.490828108289764E+02   1.492261836628812E+02   1.492621503483332E+02
  5.199999999999998E+00   2.000000000000000E+01   1.489847223165136E+02   1.490945910064004E+02   1.492589327532471E+02   1.492949093291927E+02
  5.299999999999997E+00   2.000000000000000E+01   1.489988999490327E+02   1.491085551089478E+02   1.492958146620253E+02   1.493318024788587E+02
  5.399999999999997E+00   2.000000000000000E+01   1.490153702933212E+02   1.491247970330726E+02   1.493369997410759E+02   1.493729998476678E+02
  5.499999999999996E+00   2.000000000000000E+01   1.490342286459473E+02   1.491434128407909E+02   1.493826599344408E+02   1.494186731284802E+02
  5.599999999999996E+00   2.000000000000000E+01   1.490555732860755E+02   1.491645007369532E+02   1.494329683943287E+02   1.494689956510896E+02
  5.699999999999996E+00   2.000000000000000E+01   1.490795058059520E+02   1.491881610589196E+02   1.494880996193024E+02   1.495241422980329E+02
  5.799999999999995E+00   2.000000000000000E+01   1.491061299448407E+02   1.492144963989515E+02   1.495482296302978E+02   1.495842894187261E+02
  5.899999999999995E+00   2.000000000000000E+01   1.491355515484412E+02   1.492436116757851E+02   1.496135360690107E+02   1.496496148463779E+02
  5.999999999999995E+00   2.000000000000000E+01   1.491678787413899E+02   1.492756141750906E+02   1.496841982856149E+02   1.497202980156091E+02
  6.099999999999994E+00   2.000000000000000E+01   1.492032220938084E+02   1.493106136275631E+02   1.497603974598518E+02   1.497965201334021E+02
  6.199999999999994E+00   2.000000000000000E+01   1.492416947979732E+02   1.493487223437939E+02   1.498423167351584E+02   1.498784643554694E+02
  6.299999999999994E+00   2.000000000000000E+01   1.492834128575123E+02   1.493900553876949E+02   1.499301413397075E+02   1.499663159247515E+02
  6.399999999999993E+00   2.000000000000000E+01   1.493284952964221E+02   1.494347307770379E+02   1.500240586616083E+02   1.500602622490423E+02
  6.499999999999993E+00   2.000000000000000E+01   1.493770643756076E+02   1.494828696937858E+02   1.501242582425838E+02   1.501604928952819E+02
  6.599999999999993E+00   2.000000000000000E+01   1.494292458299414E+02   1.495345967029311E+02   1.502309316825412E+02   1.502671994955393E+02
  6.699999999999992E+00   2.000000000000000E+01   1.494851676304633E+02   1.495900400148491E+02   1.503442717383620E+02   1.503805757670379E+02
  6.799999999999992E+00   2.000000000000000E+01   1.495449639886581E+02   1.496493315542568E+02   1.504644721419115E+02   1.505008173858241E+02
  6.899999999999991E+00   2.000000000000000E+01   1.496087771631631E+02   1.497126068788150E+02   1.505917300753571E+02   1.506281214099443E+02
  6.999999999999991E+00   2.000000000000000E+01   1.496767461635313E+02   1.497800056468534E+02   1.507262453641954E+02   1.507626862330236E+02
  7.099999999999991E+00   2.000000000000000E+01   1.497490138879799E+02   1.498516713356406E+02   1.508682196353598E+02   1.509047121809628E+02
  7.199999999999990E+00   2.000000000000000E+01   1.498257283215762E+02   1.499277511859445E+02   1.510178564144866E+02   1.510544021373524E+02
  7.299999999999990E+00   2.000000000000000E+01   1.499070423665278E+02   1.500083965452039E+02   1.511753617589273E+02   1.512119620401751E+02
  7.399999999999990E+00   2.000000000000001E+01   1.499931138603996E+02   1.500937633011613E+02   1.513409449163492E+02   1.513776012796395E+02
  7.499999999999989E+00   2.000000000000000E+01   1.500841058541583E+02   1.501840123390691E+02   1.515148187563042E+02   1.515515329374630E+02
  7.599999999999989E+00   2.000000000000000E+01   1.501801870351245E+02   1.502793100127449E+02   1.516971999654053E+02   1.517339738969229E+02
  7.699999999999989E+00   2.000000000000000E+01   1.502815321874750E+02   1.503798286069607E+02   1.518883090496113E+02   1.519251448183504E+02
  7.799999999999988E+00   2.000000000000000E+01   1.503883226522107E+02   1.504857468021686E+02   1.520883701612112E+02   1.521252699732013E+02
  7.899999999999988E+00   2.000000000000000E+01   1.505007466414525E+02   1.505972500202699E+02   1.522976108236155E+02   1.523345769444294E+02
  7.999999999999988E+00   2.000000000000000E+01   1.506189996905488E+02   1.507145308002040E+02   1.525162614803606E+02   1.525532961956963E+02
  8.099999999999987E+00   2.000000000000000E+01   1.507432954679038E+02   1.508377880842063E+02   1.527445652283870E+02   1.527816584834765E+02
  8.199999999999987E+00   2.000000000000000E+01   1.508738108089117E+02   1.509672291646673E+02   1.529827578701471E+02   1.530198981644176E+02
  8.299999999999986E+00   2.000000000000000E+01   1.510107700665180E+02   1.511030667527922E+02   1.532310724746677E+02   1.532682552297746E+02
  8.399999999999986E+00   2.000000000000000E+01   1.511544081631912E+02   1.512455204680953E+02   1.534897469076612E+02   1.535269744516857E+02
  8.499999999999986E+00   2.000000000000000E+01   1.513049622690100E+02   1.513948181577966E+02   1.537590270455454E+02   1.537963051869106E+02
  8.599999999999985E+00   2.000000000000000E+01   1.514626745026032E+02   1.515511962478130E+02   1.540391671060821E+02   1.540765022417299E+02
  8.699999999999985E+00   2.000000000000000E+01   1.516277948333295E+02   1.517149001250770E+02   1.543304292038249E+02   1.543678269396250E+02
  8.799999999999985E+00   2.000000000000000E+01   1.518005831054558E+02   1.518861852426809E+02   1.546330830683256E+02   1.546705478639568E+02
  8.899999999999984E+00   2.000000000000000E+01   1.519813107547029E+02   1.520653183177441E+02   1.549474059696731E+02   1.549849411881926E+02
  8.999999999999984E+00   2.000000000000001E+01   1.521702621233092E+02   1.522525784550581E+02   1.552736823550927E+02   1.553112904062117E+02
  9.099999999999984E+00   2.000000000000000E+01   1.523677353645714E+02   1.524482579168219E+02   1.556122031096626E+02   1.556498856177994E+02
  9.199999999999983E+00   2.000000000000000E+01   1.525740435587273E+02   1.526526631140252E+02   1.559632644869871E+02   1.560010224640332E+02
  9.299999999999983E+00   2.000000000000000E+01   1.527895145146667E+02   1.528661147017706E+02   1.563271669523828E+02   1.563650008714222E+02
  9.399999999999983E+00   2.000000000000000E+01   1.530144734919004E+02   1.530889484801044E+02   1.567041801815677E+02   1.567421327994671E+02
  9.499999999999982E+00   2.000000000000000E+01   1.532493545813724E+02   1.533215109707526E+02   1.570945990069036E+02   1.571327315331725E+02
  9.599999999999982E+00   2.000000000000000E+01   1.534945346007668E+02   1.535641629146113E+02   1.574987619377175E+02   1.575371063468985E+02
  9.699999999999982E+00   2.000000000000000E+01   1.537503477543096E+02   1.538172779118383E+02   1.579170165131117E+02   1.579555711691172E+02
  9.799999999999981E+00   2.000000000000000E+01   1.540171584138070E+02   1.540812392966593E+02   1.583497080541425E+02   1.583884536021505E+02
  9.899999999999981E+00   2.000000000000000E+01   1.542953651975821E+02   1.543564442482044E+02   1.587971863680520E+02   1.588360992001898E+02
  9.999999999999980E+00   2.000000000000000E+01   1.545853974253837E+02   1.546433106253382E+02   1.592598140861602E+02   1.592988723927226E+02
  1.009999999999998E+01   2.000000000000000E+01   1.548877142721174E+02   1.549422815236924E+02   1.597379705154106E+02   1.597771554615567E+02
  1.019999999999998E+01   2.000000000000000E+01   1.552028048977483E+02   1.552538280360626E+02   1.602320514944256E+02   1.602713465882303E+02
  1.029999999999998E+01   2.000000000000000E+01   1.555311887970691E+02   1.555784505101746E+02   1.607424670498876E+02   1.607818571098568E+02
  1.039999999999998E+01   2.000000000000000E+01   1.558734167932148E+02   1.559166798896773E+02   1.612696386167616E+02   1.613091084049659E+02
  1.049999999999998E+01   2.000000000000000E+01   1.562300691370818E+02   1.562690757898948E+02   1.618139956351999E+02   1.618535287866533E+02
  1.059999999999998E+01   2.000000000000000E+01   1.566017578990699E+02   1.566362277400040E+02   1.623759720781810E+02   1.624155503034302E+02
  1.069999999999998E+01   2.000000000000000E+01   1.569891229911188E+02   1.570187505105399E+02   1.629560919790369E+02   1.629955799690678E+02
  1.079999999999998E+01   2.000000000000000E+01   1.573926538106879E+02   1.574172722716688E+02   1.635549258433539E+02   1.635940074042885E+02
  1.089999999999998E+01   2.000000000000000E+01   1.578128238741150E+02   1.578324307622177E+02   1.641728134328562E+02   1.642112802118638E+02
  1.099999999999998E+01   2.000000000000000E+01   1.582505373049892E+02   1.582648725641126E+02   1.648100933704989E+02   1.648478987138252E+02
  1.109999999999998E+01   2.000000000000000E+01   1.587066829070581E+02   1.587152947536695E+02   1.654672164401944E+02   1.655043952291132E+02
  1.119999999999998E+01   2.000000000000000E+01   1.591821146265438E+02   1.591844588820358E+02   1.661447362237559E+02   1.661813331279793E+02
  1.129999999999998E+01   2.000000000000000E+01   1.596777033313847E+02   1.596731902290424E+02   1.668432735027106E+02   1.668793107023311E+02
  1.139999999999998E+01   2.000000000000000E+01   1.601943720025309E+02   1.601823789922308E+02   1.675634895073010E+02   1.675989599816049E+02
  1.149999999999998E+01   2.000000000000000E+01   1.607331146170013E+02   1.607129833720556E+02   1.683060709415559E+02   1.683409400980007E+02
  1.159999999999997E+01   2.000000000000000E+01   1.612950014982912E+02   1.612660297784128E+02   1.690717199463243E+02   1.691059290105296E+02
  1.169999999999997E+01   2.000000000000000E+01   1.618811788189055E+02   1.618426045292620E+02   1.698611456345996E+02   1.698946152985998E+02
  1.179999999999997E+01   2.000000000000000E+01   1.624928745943242E+02   1.624438667105769E+02   1.706750583552520E+02   1.707076899882955E+02
  1.189999999999997E+01   2.000000000000000E+01   1.631313886294405E+02   1.630710382685042E+02   1.715141146562566E+02   1.715457917776284E+02
  1.199999999999997E+01   2.000000000000000E+01   1.637980876336858E+02   1.637254007832441E+02   1.723789305689672E+02   1.724095194446011E+02
  1.209999999999997E+01   2.000000000000000E+01   1.644949054313645E+02   1.644082253950719E+02   1.732689099378886E+02   1.732997807351405E+02
  1.219999999999997E+01   2.000000000000000E+01   1.652246855018592E+02   1.651208524025131E+02   1.741852630078315E+02   1.742172898643442E+02
  1.229999999999997E+01   2.000000000000000E+01   1.659878438997910E+02   1.658647595503791E+02   1.751296561539878E+02   1.751627446669020E+02
  1.239999999999997E+01   2.000000000000000E+01   1.667851182715672E+02   1.666414635646440E+02   1.761035111569485E+02   1.761370349167470E+02
  1.249999999999997E+01   2.000000000000000E+01   1.676179662548224E+02   1.674525605621420E+02   1.771080510984363E+02   1.771412497248328E+02
  1.259999999999997E+01   2.000000000000000E+01   1.684883705639872E+02   1.682998301345752E+02   1.781444673195038E+02   1.781766059012558E+02
  1.269999999999997E+01   2.000000000000000E+01   1.693986665505627E+02   1.691852596242582E+02   1.792139998278205E+02   1.792443836765403E+02
  1.279999999999997E+01   2.000000000000000E+01   1.703514506805671E+02   1.701110365743817E+02   1.803179440755209E+02   1.803458865331337E+02
  1.289999999999997E+01   2.000000000000000E+01   1.713495261795304E+02   1.710795327847286E+02   1.814576361078831E+02   1.814824180821650E+02
  1.299999999999997E+01   2.000000000000000E+01   1.723958902702954E+02   1.720932986868533E+02   1.826344324982458E+02   1.826552607603302E+02
  1.309999999999997E+01   2.000000000000000E+01   1.734937157754401E+02   1.731549971898934E+02   1.838493402674086E+02   1.838653776862789E+02
  1.319999999999997E+01   2.000000000000000E+01   1.746463898804048E+02   1.742674312749323E+02   1.851033137181206E+02   1.851135133406945E+02
  1.329999999999997E+01   2.000000000000000E+01   1.758575658817280E+02   1.754335555193117E+02   1.863977755915264E+02   1.864008983538264E+02
  1.339999999999997E+01   2.000000000000000E+01   1.771273105079827E+02   1.766564526195616E+02   1.877389642938205E+02   1.877279172661004E+02
  1.349999999999997E+01   2.000000000000000E+01   1.784545512020958E+02   1.779384871821102E+02   1.891286600937221E+02   1.890963021505180E+02
  1.359999999999997E+01   2.000000000000000E+01   1.798457918879517E+02   1.792817073842888E+02   1.905655974086257E+02   1.905089478737914E+02
  1.369999999999997E+01   2.000000000000000E+01   1.813103878011029E+02   1.806892836740666E+02   1.920507316960377E+02   1.919689147865969E+02
  1.379999999999997E+01   2.000000000000000E+01   1.828561261132610E+02   1.821656053068443E+02   1.935869858105911E+02   1.934790927239454E+02
  1.389999999999997E+01   2.000000000000000E+01   1.844900207079796E+02   1.837158489238778E+02   1.951780091590731E+02   1.950422207293414E+02
  1.399999999999997E+01   2.000000000000000E+01   1.862191195243254E+02   1.853455919524945E+02   1.968275246142987E+02   1.966609461259927E+02
  1.409999999999997E+01   2.000000000000000E+01   1.880508774468142E+02   1.870606270655965E+02   1.985391496267344E+02   1.983378372538725E+02
  1.419999999999997E+01   2.000000000000000E+01   1.899932605207686E+02   1.888668663034700E+02   2.003163820008430E+02   2.000753706405866E+02
  1.429999999999997E+01   2.000000000000000E+01   1.920548349549148E+02   1.907701881350880E+02   2.021622965294860E+02   2.018756409363113E+02
  1.439999999999996E+01   2.000000000000000E+01   1.942447690107032E+02   1.927767054991981E+02   2.040801007051727E+02   2.037406620255782E+02
  1.449999999999996E+01   2.000000000000000E+01   1.965728791252488E+02   1.948927312336246E+02   2.060735621839778E+02   2.056730248026778E+02
  1.459999999999996E+01   2.000000000000001E+01   1.990493712502332E+02   1.971246262475292E+02   2.081464265524599E+02   2.076751604242710E+02
  1.469999999999996E+01   2.000000000000000E+01   2.016965696435933E+02   1.994755233415891E+02   2.102899674855412E+02   2.097529715592498E+02
  1.479999999999996E+01   2.000000000000000E+01   2.045494437548590E+02   2.019485732842973E+02   2.124976818707753E+02   2.119138379738100E+02
  1.489999999999996E+01   2.000000000000000E+01   2.076098200241260E+02   2.045541316108220E+02   2.147990849655522E+02   2.141606055857905E+02
  1.499999999999996E+01   2.000000000000000E+01   2.108667527084102E+02   2.073037367416422E+02   2.172141420373418E+02   2.164967460425558E+02
  1.509999999999996E+01   2.000000000000000E+01   2.143259797224860E+02   2.102073865753314E+02   2.197521155180711E+02   2.189270459096333E+02
  1.519999999999996E+01   2.000000000000000E+01   2.180040313973190E+02   2.132744138422974E+02   2.224183343778346E+02   2.214565391173505E+02
  1.529999999999996E+01   2.000000000000000E+01   2.219214370549718E+02   2.165140439417218E+02   2.252176017305592E+02   2.240898314043589E+02
  1.539999999999996E+01   2.000000000000000E+01   2.260993428811426E+02   2.199352420524563E+02   2.281549352180003E+02   2.268308501149026E+02
  1.549999999999996E+01   2.000000000000000E+01   2.305582462314545E+02   2.235464265166149E+02   2.312356375427179E+02   2.296829043972332E+02
  1.559999999999996E+01   2.000000000000000E+01   2.353174729968389E+02   2.273558668692837E+02   2.344660859756433E+02   2.326495645110711E+02
  1.569999999999996E+01   2.000000000000000E+01   2.403964655845458E+02   2.313714241676418E+02   2.378523068825785E+02   2.357336400063096E+02
  1.579999999999996E+01   2.000000000000000E+01   2.458142670817764E+02   2.355998322292446E+02   2.413999732260249E+02   2.389370903824418E+02
  1.589999999999996E+01   2.000000000000000E+01   2.515900264139973E+02   2.400472564036414E+02   2.451145317765213E+02   2.422615362087211E+02
  1.599999999999996E+01   2.000000000000000E+01   2.577425544233421E+02   2.447192536114813E+02   2.490014790595977E+02   2.457086049479687E+02
  1.609999999999996E+01   2.000000000000000E+01   2.639930783866821E+02   2.496285648973400E+02   2.532649902891357E+02   2.492552129534171E+02
  1.619999999999996E+01   2.000000000000000E+01   2.704431344150772E+02   2.547400765761205E+02   2.577753130563336E+02   2.529363785029086E+02
  1.629999999999996E+01   2.000000000000000E+01   2.772919045605345E+02   2.600486716059841E+02   2.624731864035330E+02   2.567804910227833E+02
  1.639999999999996E+01   2.000000000000000E+01   2.846473055820819E+02   2.655790224841799E+02   2.673649370569528E+02   2.607993447752450E+02
  1.649999999999996E+01   2.000000000000000E+01   2.925494648304449E+02   2.713591522999918E+02   2.724711204315448E+02   2.649952282782307E+02
  1.659999999999997E+01   2.000000000000000E+01   3.010116572638161E+02   2.774095183645844E+02   2.778072392301149E+02   2.693661010380552E+02
  1.669999999999997E+01   2.000000000000000E+01   3.100384869078486E+02   2.837413073076535E+02   2.833815178599483E+02   2.739077935498491E+02
  1.679999999999997E+01   2.000000000000000E+01   3.196292109420718E+02   2.903578366750406E+02   2.891970926685058E+02   2.786152820340620E+02
  1.689999999999997E+01   2.000000000000000E+01   3.297803567481080E+02   2.972538429108382E+02   2.952551324539303E+02   2.834837239597257E+02
  1.699999999999997E+01   2.000000000000000E+01   3.404971644027883E+02   3.044257828135374E+02   3.015535636200708E+02   2.885074654858807E+02
  1.709999999999997E+01   2.000000000000000E+01   3.517814004435952E+02   3.118752570244306E+02   3.080870529762092E+02   2.936798455563081E+02
  1.719999999999997E+01   2.000000000000000E+01   3.636231112321780E+02   3.195942320967866E+02   3.148498608854753E+02   2.989931753602962E+02
  1.729999999999998E+01   2.000000000000000E+01   3.760006266709078E+02   3.275698840782596E+02   3.218351946166509E+02   3.044395957375573E+02
  1.739999999999998E+01   2.000000000000000E+01   3.900026373043481E+02   3.353781570179933E+02   3.282937268853811E+02   3.101967610075067E+02
  1.749999999999998E+01   2.000000000000000E+01   4.055645618911248E+02   3.433026626412120E+02   3.348104355227771E+02   3.163137088920325E+02
  1.759999999999998E+01   2.000000000000000E+01   4.217758637433855E+02   3.516924167122579E+02   3.419352001202673E+02   3.227495836035187E+02
  1.769999999999998E+01   2.000000000000000E+01   4.382929475826337E+02   3.606014694138416E+02   3.496601527554177E+02   3.294503754644560E+02
  1.779999999999998E+01   2.000000000000000E+01   4.551102289413399E+02   3.699848827654463E+02   3.578552231331822E+02   3.363719011174360E+02
  1.789999999999998E+01   2.000000000000000E+01   4.722792501390038E+02   3.797743062553787E+02   3.664086500466494E+02   3.434793836218300E+02
  1.799999999999999E+01   2.000000000000000E+01   4.898233010583289E+02   3.899036336177778E+02   3.752416679486844E+02   3.507440814070176E+02
  1.809999999999999E+01   2.000000000000000E+01   5.077227440980863E+02   4.003089818604974E+02   3.842896140109967E+02   3.581350429294744E+02
  1.819999999999999E+01   2.000000000000000E+01   5.259971896489998E+02   4.109323916217043E+02   3.935019588055617E+02   3.656243618089479E+02
  1.829999999999999E+01   2.000000000000000E+01   5.446030151859057E+02   4.217823364272995E+02   4.028391555965222E+02   3.731886696393753E+02
  1.839999999999999E+01   2.000000000000000E+01   5.634780100301857E+02   4.328078926497479E+02   4.122661641974024E+02   3.807989293274292E+02
  1.849999999999999E+01   2.000000000000000E+01   5.825204447867141E+02   4.439451424716099E+02   4.217431331986272E+02   3.884301155515108E+02
  1.859999999999999E+01   2.000000000000000E+01   6.016751033008445E+02   4.551336004819769E+02   4.312332048274384E+02   3.960565696087551E+02
  1.870000000000000E+01   3.963672121586862E+02   6.124325082396705E+02   4.655292635044530E+02   4.444367694584354E+02   4.040110771079792E+02
  1.880000000000000E+01   5.442173315706377E+02   6.074588142630427E+02   4.746281743321809E+02   4.631166600061287E+02   4.127121914328065E+02
  1.890000000000000E+01   6.431582917716912E+02   6.060055557008118E+02   4.838989677483917E+02   4.815050274765648E+02   4.221038601355683E+02
  1.900000000000000E+01   7.074059642724427E+02   6.106778908337599E+02   4.939810008001410E+02   4.990889516511876E+02   4.319489299918760E+02
  1.910000000000000E+01   7.547623245187176E+02   6.199956404233957E+02   5.049177590029981E+02   5.161537935279612E+02   4.420490730174920E+02
  1.920000000000000E+01   7.937645236642263E+02   6.323040961643492E+02   5.165334439698065E+02   5.329173910798282E+02   4.522670780601123E+02
  1.930000000000000E+01   8.278569728944225E+02   6.464537182031518E+02   5.286214457896067E+02   5.494924230410987E+02   4.625290890242463E+02
  1.940000000000001E+01   8.587270455909900E+02   6.617108902889943E+02   5.409946716555345E+02   5.658963614591656E+02   4.727783200013768E+02
  1.950000000000001E+01   8.873763365622972E+02   6.776292306358318E+02   5.535080160188216E+02   5.821037891626087E+02   4.829560021537336E+02
  1.960000000000001E+01   9.143031365126094E+02   6.939134615260001E+02   5.663945644183678E+02   5.980718849783862E+02   4.930343662112506E+02
  1.970000000000001E+01   9.397632867966320E+02   7.103608380750422E+02   5.795647071972497E+02   6.137748808759209E+02   5.029889934824322E+02
  1.980000000000001E+01   9.633100904449975E+02   7.266854901460010E+02   5.927332295833775E+02   6.291435685801125E+02   5.127696914513659E+02
  1.990000000000001E+01   9.857435197024531E+02   7.427505006166930E+02   6.057204038868018E+02   6.441317711440614E+02   5.223477918380404E+02
  2.000000000000001E+01   1.006666785601992E+03   7.584427975308263E+02   6.184610137734571E+02   6.587191798865368E+02   5.317103227900107E+02
  2.010000000000002E+01   1.025071483120692E+03   7.702186059021992E+02   6.302736367611551E+02   6.732405334241581E+02   5.411981380104505E+02
  2.020000000000002E+01   1.039305762446906E+03   7.817069319686548E+02   6.415653936874895E+02   6.867021614079376E+02   5.506407101831055E+02
  2.030000000000002E+01   1.051429399737981E+03   7.931419740344587E+02   6.525799142297719E+02   6.992880020448811E+02   5.598568343146970E+02
  2.040000000000002E+01   1.062378000231459E+03   8.042899762249218E+02   6.633528064205562E+02   7.112379269321443E+02   5.688201892166863E+02
  2.050000000000002E+01   1.072770890508489E+03   8.150548929593576E+02   6.738599016773817E+02   7.226229127484477E+02   5.774860805329745E+02
  2.060000000000002E+01   1.082745944284755E+03   8.253996788497332E+02   6.840662610401502E+02   7.334692046023589E+02   5.858457180637554E+02
  2.070000000000002E+01   1.092336385312661E+03   8.353093051388839E+02   6.939369368903663E+02   7.437988652626275E+02   5.938875441830968E+02
  2.080000000000003E+01   1.101633503065329E+03   8.447688769025578E+02   7.034193595860281E+02   7.536256148429077E+02   6.016000077624878E+02
  2.090000000000003E+01   1.110563811246801E+03   8.537837830112353E+02   7.125259015132470E+02   7.629715965689002E+02   6.089839230671469E+02
  2.100000000000003E+01   1.118921616118614E+03   8.623034335550126E+02   7.212688671910180E+02   7.717844069757614E+02   6.160919373432806E+02
  2.110000000000003E+01   1.126776517049583E+03   8.703272146330144E+02   7.295465011711379E+02   7.800955603946995E+02   6.229111116493482E+02
  2.120000000000003E+01   1.133975619267303E+03   8.777770026745361E+02   7.371394006029677E+02   7.879083872966387E+02   6.294178476305883E+02
  2.130000000000003E+01   1.140565895933004E+03   8.846608236619543E+02   7.442210403749168E+02   7.952306550684561E+02   6.356032676989172E+02
  2.140000000000003E+01   1.156884421042977E+03   8.940331222567056E+02   7.510202524711854E+02   8.030558175803297E+02   6.417933337038103E+02
  2.150000000000004E+01   1.169917202284060E+03   9.041249664033478E+02   7.575326398675904E+02   8.113506714409870E+02   6.478828218319960E+02
  2.160000000000004E+01   1.177061333649473E+03   9.118983503183013E+02   7.633861880711466E+02   8.183562897951892E+02   6.534495543110802E+02
  2.170000000000004E+01   1.180442594612494E+03   9.174464693761861E+02   7.683323908338333E+02   8.237670577259537E+02   6.583289024813678E+02
  2.180000000000004E+01   1.181021268400539E+03   9.211058649834814E+02   7.722996660036860E+02   8.276905668049071E+02   6.624922023991721E+02
  2.190000000000004E+01   1.179386345398549E+03   9.231825028221532E+02   7.753045670215774E+02   8.303144643050935E+02   6.659686279902346E+02
  2.200000000000004E+01   1.175933286517372E+03   9.239130098289478E+02   7.774044235002696E+02   8.318153589074415E+02   6.688077570030138E+02
  2.210000000000004E+01   1.170486347927700E+03   9.233624680893947E+02   7.786348955404843E+02   8.322709811075001E+02   6.710450917821269E+02
  2.220000000000005E+01   1.162891866687260E+03   9.215926754450782E+02   7.790384507786288E+02   8.317220348648340E+02   6.727024709972852E+02
  2.230000000000005E+01   1.154473516544328E+03   9.188922920462251E+02   7.786936712490339E+02   8.303545463286852E+02   6.738463678881889E+02
  2.240000000000005E+01   1.145550534972527E+03   9.154417387614365E+02   7.776391863527772E+02   8.283394947866183E+02   6.745573261424049E+02
  2.250000000000005E+01   1.135663722647379E+03   9.111208549934036E+02   7.758606879336841E+02   8.256881368794043E+02   6.748641703130121E+02
  2.260000000000005E+01   1.125382971247621E+03   9.062191927417670E+02   7.734030847143371E+02   8.225298436971144E+02   6.748072706835113E+02
  2.270000000000005E+01   1.114063167225781E+03   9.008668610149351E+02   7.704275119347931E+02   8.191343440282608E+02   6.744849362088003E+02
  2.280000000000005E+01   1.101735813806074E+03   8.950234313830233E+02   7.672162300497411E+02   8.155552076176159E+02   6.739754965151956E+02
  2.290000000000006E+01   1.088690650591308E+03   8.885018067854082E+02   7.635951966329875E+02   8.113317181036166E+02   6.731405267991145E+02
  2.300000000000006E+01   1.074988338183686E+03   8.813257568915044E+02   7.594709726120873E+02   8.064565338458979E+02   6.719089538466890E+02
  2.310000000000006E+01   1.061054874395148E+03   8.736192615186037E+02   7.548300108803116E+02   8.010444580305268E+02   6.702815028792054E+02
  2.320000000000006E+01   1.046803518668164E+03   8.654469759907512E+02   7.497041537992843E+02   7.951755595947118E+02   6.682803103443603E+02
  2.330000000000006E+01   1.032194078361836E+03   8.568457604117056E+02   7.441285161976569E+02   7.888976377012546E+02   6.659332469387600E+02
  2.340000000000006E+01   1.017133415110528E+03   8.478161313402838E+02   7.381351016510038E+02   7.822234777323210E+02   6.632581808914171E+02
  2.350000000000006E+01   1.001453851753151E+03   8.382929377265673E+02   7.317341781834358E+02   7.751268190013086E+02   6.602609926372554E+02
  2.360000000000007E+01   9.854788956881273E+02   8.283656308628235E+02   7.249700666885833E+02   7.676588924121503E+02   6.569614222177466E+02
  2.370000000000007E+01   9.694555573091313E+02   8.181512256751942E+02   7.179008555895424E+02   7.599158676470438E+02   6.534106805257720E+02
  2.380000000000007E+01   9.532600880077591E+02   8.076266605306614E+02   7.104714970466371E+02   7.518861841938938E+02   6.496715350893940E+02
  2.390000000000007E+01   9.369139406627816E+02   7.968783201171904E+02   7.027816903942038E+02   7.436487629347116E+02   6.457495371262753E+02
  2.400000000000007E+01   9.204251891914347E+02   7.859442048148387E+02   6.948517734838823E+02   7.352406972242982E+02   6.416564835244883E+02
  2.410000000000007E+01   9.039625385220892E+02   7.749305788187661E+02   6.868325272484478E+02   7.266630401896751E+02   6.374230930008980E+02
  2.420000000000007E+01   8.875420220031144E+02   7.638952354906012E+02   6.787581864579751E+02   7.180298908735481E+02   6.330706995557109E+02
  2.430000000000008E+01   8.711673657359262E+02   7.528424406860346E+02   6.706272796985224E+02   7.093839108138643E+02   6.286199515475441E+02
  2.440000000000008E+01   8.550210293354337E+02   7.418360458291617E+02   6.624670270923766E+02   7.007651393564728E+02   6.240852635366721E+02
  2.450000000000008E+01   8.390482215992382E+02   7.308980062007720E+02   6.543021409571837E+02   6.921948660601191E+02   6.194912676897482E+02
  2.460000000000008E+01   8.232511478174991E+02   7.200317673124948E+02   6.461484588450065E+02   6.836791261562629E+02   6.148466274361249E+02
  2.470000000000008E+01   8.076336609720206E+02   7.092564043205909E+02   6.380155501829278E+02   6.752168626900229E+02   6.101596126345871E+02
  2.480000000000008E+01   7.922165280739039E+02   6.985693341807257E+02   6.299049348814767E+02   6.668025629875029E+02   6.054325135791031E+02
  2.490000000000008E+01   7.770301700452735E+02   6.879916410704298E+02   6.218318797011419E+02   6.584461053160602E+02   6.006684424987341E+02
  2.500000000000009E+01   7.620721212009914E+02   6.775421828810363E+02   6.138384092795745E+02   6.501644289644731E+02   5.958782403790967E+02
  2.510000000000009E+01   7.473489018959935E+02   6.672300876377183E+02   6.060106662665083E+02   6.419711772996432E+02   5.910758786821506E+02
  2.520000000000009E+01   7.329071294253338E+02   6.570669215806118E+02   5.982874655445371E+02   6.338763559622480E+02   5.862696448069645E+02
  2.530000000000009E+01   7.187997779523240E+02   6.470873749303057E+02   5.906612779964688E+02   6.259012137152612E+02   5.814686848095353E+02
  2.540000000000009E+01   7.050526599460578E+02   6.373019916430494E+02   5.831261533559547E+02   6.180624132220636E+02   5.766824593400446E+02
  2.550000000000009E+01   6.916977018426544E+02   6.277402540978651E+02   5.756956219172234E+02   6.103817745079624E+02   5.719245338218168E+02
  2.560000000000009E+01   6.787478560598518E+02   6.184155809835474E+02   5.683808417878947E+02   6.028704851785660E+02   5.672145381876827E+02
  2.570000000000010E+01   6.662063058087940E+02   6.093355561045398E+02   5.611924621746261E+02   5.955339358294284E+02   5.625590514272535E+02
  2.580000000000010E+01   6.540732418439127E+02   6.005068471345078E+02   5.541402278776810E+02   5.883791140233677E+02   5.579666275198977E+02
  2.590000000000010E+01   6.423535550454180E+02   5.919301488655292E+02   5.472313199448713E+02   5.814058481025228E+02   5.534437847536187E+02
  2.600000000000010E+01   6.310491623180887E+02   5.836114294804159E+02   5.404716109892713E+02   5.746193375488202E+02   5.489964782184360E+02
  2.610000000000010E+01   6.201578165670080E+02   5.755488214363065E+02   5.338629576057829E+02   5.680243641807706E+02   5.446279550118056E+02
  2.620000000000010E+01   6.096778143529257E+02   5.677449375892297E+02   5.274071000831091E+02   5.616243174527971E+02   5.403407340359965E+02
  2.630000000000010E+01   5.996005769568123E+02   5.601957789716346E+02   5.211065426673036E+02   5.554170857828459E+02   5.361363269526366E+02
  2.640000000000011E+01   5.899191231119789E+02   5.528969305061054E+02   5.149756645359115E+02   5.493988914970024E+02   5.320156236596770E+02
  2.650000000000011E+01   5.806295442477715E+02   5.458462535175574E+02   5.090114363048262E+02   5.435675138222454E+02   5.279795212342332E+02
  2.660000000000011E+01   5.717256931837525E+02   5.390405339790766E+02   5.032079139854219E+02   5.379220375410093E+02   5.240300469756824E+02
  2.670000000000011E+01   5.631985994925623E+02   5.324762256831034E+02   4.975647481482824E+02   5.324605251804222E+02   5.201693915642655E+02
  2.680000000000011E+01   5.550387640980007E+02   5.261486749035887E+02   4.920818855605913E+02   5.271801750082610E+02   5.163997355351520E+02
  2.690000000000011E+01   5.472322642830818E+02   5.200509380893334E+02   4.867595118140699E+02   5.220793765435408E+02   5.127219656177252E+02
  2.700000000000011E+01   5.397686541330454E+02   5.141776469391471E+02   4.815973163848207E+02   5.171551290237703E+02   5.091366918547658E+02
  2.710000000000012E+01   5.326379230311500E+02   5.085233477872473E+02   4.765945780163183E+02   5.124036030937697E+02   5.056440993179932E+02
  2.720000000000012E+01   5.258283584549290E+02   5.030825453541407E+02   4.717498106264653E+02   5.078208440841696E+02   5.022441953876299E+02
  2.730000000000012E+01   5.193283234941108E+02   4.978496440136637E+02   4.670613888018529E+02   5.034038070664129E+02   4.989368779193744E+02
  2.740000000000012E+01   5.131264498398850E+02   4.928187446393825E+02   4.625266990465159E+02   4.991480520593504E+02   4.957215121091903E+02
  2.750000000000012E+01   5.072108604210875E+02   4.879839248734637E+02   4.581428630617181E+02   4.950487432025146E+02   4.925971443721261E+02
  2.760000000000012E+01   5.015700851808710E+02   4.833382938140038E+02   4.539052368947711E+02   4.911005721183460E+02   4.895623128187972E+02
  2.770000000000012E+01   4.961915636280057E+02   4.788755138093958E+02   4.498110200874340E+02   4.872983294456512E+02   4.866152341669583E+02
  2.780000000000013E+01   4.910635015465719E+02   4.745895273315990E+02   4.458568229130339E+02   4.836371007425251E+02   4.837539995344765E+02
  2.790000000000013E+01   4.861738276515840E+02   4.704733421699631E+02   4.420400591641435E+02   4.801117426084091E+02   4.809765711888095E+02
  2.800000000000013E+01   4.815110115745964E+02   4.665201802817187E+02   4.383568777379392E+02   4.767169895151862E+02   4.782807834231368E+02
  2.810000000000013E+01   4.770635410691437E+02   4.627230100737297E+02   4.348031705628023E+02   4.734480947866695E+02   4.756643589443852E+02
  2.820000000000013E+01   4.728215459191716E+02   4.590757861473365E+02   4.313744641910165E+02   4.702997032231349E+02   4.731251264162843E+02
  2.830000000000013E+01   4.687747131134956E+02   4.555726607923529E+02   4.280662809854887E+02   4.672669627280529E+02   4.706609831175865E+02
  2.840000000000013E+01   4.649127272110441E+02   4.522072218831116E+02   4.248741685648907E+02   4.643450904654374E+02   4.682697748732646E+02
  2.850000000000014E+01   4.612259954680260E+02   4.489734999195581E+02   4.217940279686503E+02   4.615295832782614E+02   4.659493659088615E+02
  2.860000000000014E+01   4.577056210135755E+02   4.458657918917818E+02   4.188218851424767E+02   4.588160878909667E+02   4.636976694284286E+02
  2.870000000000014E+01   4.543430268768080E+02   4.428787466589740E+02   4.159542917201625E+02   4.562002963456740E+02   4.615125745229174E+02
  2.880000000000014E+01   4.511299313401193E+02   4.400070729743628E+02   4.131874753062360E+02   4.536781861488217E+02   4.593919676219731E+02
  2.890000000000014E+01   4.480583761203344E+02   4.372457755310185E+02   4.105175304214166E+02   4.512458705242562E+02   4.573337478018071E+02
  2.900000000000014E+01   4.451206231766672E+02   4.345895870531083E+02   4.079404594657502E+02   4.488994836381511E+02   4.553358186783314E+02
  2.910000000000014E+01   4.423095907271370E+02   4.320335377152083E+02   4.054526885683325E+02   4.466352902510503E+02   4.533961157485452E+02
  2.920000000000014E+01   4.396184899291237E+02   4.295730119861939E+02   4.030507611421506E+02   4.444496419748843E+02   4.515125706484919E+02
  2.930000000000015E+01   4.370407083672592E+02   4.272034950327659E+02   4.007310039434746E+02   4.423389830976897E+02   4.496831239654862E+02
  2.940000000000015E+01   4.345700434360019E+02   4.249207985012113E+02   3.984902981989088E+02   4.402998553809639E+02   4.479057636133389E+02
  2.950000000000015E+01   4.322005627576806E+02   4.227209386034339E+02   3.963251093667297E+02   4.383290890548853E+02   4.461785429911598E+02
  2.960000000000015E+01   4.299266450772150E+02   4.206000002007796E+02   3.942321089804310E+02   4.364236399586266E+02   4.444995509632942E+02
  2.970000000000015E+01   4.277431565750444E+02   4.185547496198814E+02   3.922079894942724E+02   4.345809601913969E+02   4.428669875150275E+02
  2.980000000000015E+01   4.256450332645517E+02   4.165811228419149E+02   3.902500051187137E+02   4.327979822673337E+02   4.412790685448777E+02
  2.990000000000015E+01   4.236273247374874E+02   4.146752591261483E+02   3.883554043994561E+02   4.310717154912934E+02   4.397340439780614E+02
  3.000000000000016E+01   4.216854566608109E+02   4.128338170752895E+02   3.865215227204268E+02   4.293995018811617E+02   4.382302416418258E+02
  3.010000000000016E+01   4.198152248659793E+02   4.110536942076636E+02   3.847458253969172E+02   4.277788164933606E+02   4.367660590225699E+02
  3.020000000000016E+01   4.180126048155790E+02   4.093319373421061E+02   3.830258531004834E+02   4.262072689449481E+02   4.353399630584170E+02
  3.030000000000016E+01   4.162739731073765E+02   4.076658554948299E+02   3.813591057968704E+02   4.246826434340541E+02   4.339504907303249E+02
  3.040000000000016E+01   4.145958279250672E+02   4.060527898020957E+02   3.797432873707844E+02   4.232027909219654E+02   4.325962332866093E+02
  3.050000000000016E+01   4.129747991659810E+02   4.044901764704131E+02   3.781763957376676E+02   4.217656543718599E+02   4.312758274037768E+02
  3.060000000000016E+01   4.114078312514029E+02   4.029757637350646E+02   3.766562918470761E+02   4.203693529949279E+02   4.299879769185953E+02
  3.070000000000017E+01   4.098919964620887E+02   4.015072375335930E+02   3.751809979799872E+02   4.190120633872296E+02   4.287314404248921E+02
  3.080000000000017E+01   4.084245223922737E+02   4.000823515361936E+02   3.737486780651723E+02   4.176920081297451E+02   4.275049897493266E+02
  3.090000000000017E+01   4.070028682584862E+02   3.986990736919270E+02   3.723575127706145E+02   4.164074844741351E+02   4.263074473286972E+02
  3.100000000000017E+01   4.056247270647440E+02   3.973558902094953E+02   3.710056460657476E+02   4.151570887801702E+02   4.251377181948906E+02
  3.110000000000017E+01   4.042877994741984E+02   3.960505969032808E+02   3.696914463024617E+02   4.139392285651892E+02   4.239947437532180E+02
  3.120000000000017E+01   4.029899425229352E+02   3.947813798334510E+02   3.684133877685454E+02   4.127524328667096E+02   4.228774993821023E+02
  3.130000000000017E+01   4.017291245253955E+02   3.935465885783040E+02   3.671700508038304E+02   4.115952802734457E+02   4.217849838941780E+02
  3.140000000000018E+01   4.005034727998875E+02   3.923446989924051E+02   3.659600519242795E+02   4.104664704605287E+02   4.207162444277226E+02
  3.150000000000018E+01   3.993112876874133E+02   3.911743780695186E+02   3.647819772215950E+02   4.093649517954844E+02   4.196703961259129E+02
  3.160000000000018E+01   3.981509330311447E+02   3.900342118870627E+02   3.636345388344625E+02   4.082895799367312E+02   4.186465889942150E+02
  3.170000000000018E+01   3.970208664957987E+02   3.889228116642828E+02   3.625165363592466E+02   4.072391578034919E+02   4.176439976506963E+02
  3.180000000000018E+01   3.959196741261675E+02   3.878389454067516E+02   3.614267669946123E+02   4.062126381094738E+02   4.166618398507915E+02
  3.190000000000018E+01   3.948460084819355E+02   3.867813676740703E+02   3.603641410545604E+02   4.052091446369959E+02   4.156993793438636E+02
  3.200000000000018E+01   3.937986120778914E+02   3.857490344879602E+02   3.593276022790209E+02   4.042276744422178E+02   4.147559212621263E+02
  3.210000000000019E+01   3.927763125289752E+02   3.847409218757280E+02   3.583161116834546E+02   4.032673382278310E+02   4.138308077242767E+02
  3.220000000000019E+01   3.917779907342332E+02   3.837560389471453E+02   3.573287352626347E+02   4.023273130717926E+02   4.129233750103516E+02
  3.230000000000019E+01   3.908025571564839E+02   3.827933136885667E+02   3.563645614003228E+02   4.014065764951310E+02   4.120331017878292E+02
  3.240000000000019E+01   3.898490363781826E+02   3.818519054194326E+02   3.554227147470096E+02   4.005045112630478E+02   4.111593299369623E+02
  3.250000000000019E+01   3.889165187147215E+02   3.809309967209743E+02   3.545023179487765E+02   3.996204610481094E+02   4.103014738861997E+02
  3.260000000000019E+01   3.880041342996550E+02   3.800297995953181E+02   3.536025795080246E+02   3.987537513035090E+02   4.094589666296866E+02
  3.270000000000019E+01   3.871110613179732E+02   3.791475700970382E+02   3.527227481735259E+02   3.979037436934153E+02   4.086312883081026E+02
  3.280000000000020E+01   3.862365166549350E+02   3.782835841505205E+02   3.518621016943476E+02   3.970698200996611E+02   4.078179464828917E+02
  3.290000000000020E+01   3.853797817251843E+02   3.774371740210411E+02   3.510199511484643E+02   3.962514137378489E+02   4.070184554171528E+02
  3.300000000000020E+01   3.845401709386742E+02   3.766076941189115E+02   3.501956332533223E+02   3.954479766125528E+02   4.062323532647850E+02
  3.310000000000020E+01   3.837170137724506E+02   3.757945104392822E+02   3.493884945138429E+02   3.946589862873564E+02   4.054592043906366E+02
  3.320000000000020E+01   3.829096996776053E+02   3.749970411848109E+02   3.485979438709023E+02   3.938839234168723E+02   4.046985883463474E+02
  3.330000000000020E+01   3.821176462040523E+02   3.742147350095184E+02   3.478234133586151E+02   3.931223127058833E+02   4.039501020383892E+02
  3.340000000000020E+01   3.813402915577911E+02   3.734470589722123E+02   3.470643532648315E+02   3.923737000871609E+02   4.032133602797873E+02
  3.350000000000021E+01   3.805771052484567E+02   3.726935001744417E+02   3.463202338241867E+02   3.916376531594200E+02   4.024879983493136E+02
  3.360000000000021E+01   3.798275929068338E+02   3.719535802148827E+02   3.455905571318937E+02   3.909137491415052E+02   4.017736633366727E+02
  3.370000000000021E+01   3.790912845252955E+02   3.712268464560393E+02   3.448748421396049E+02   3.902016026164948E+02   4.010700287132247E+02
  3.380000000000021E+01   3.783676717152809E+02   3.705127450387095E+02   3.441726168842396E+02   3.895006371019680E+02   4.003768177360109E+02
  3.390000000000021E+01   3.776562919175421E+02   3.698108614837402E+02   3.434834320359623E+02   3.888105535628805E+02   3.996936740578192E+02
  3.400000000000021E+01   3.769567530959961E+02   3.691208288243804E+02   3.428068664611625E+02   3.881310545925253E+02   3.990202894738694E+02
  3.410000000000021E+01   3.762686523532711E+02   3.684422354707172E+02   3.421425112130824E+02   3.874617315144589E+02   3.983563526937275E+02
  3.420000000000022E+01   3.755916455931417E+02   3.677747653578020E+02   3.414899822202451E+02   3.868023747506019E+02   3.977015931477577E+02
  3.430000000000022E+01   3.749253751467650E+02   3.671180801016490E+02   3.408489115129939E+02   3.861526947696794E+02   3.970557408637904E+02
  3.440000000000022E+01   3.742695046100995E+02   3.664718447812895E+02   3.402189445525628E+02   3.855124010714875E+02   3.964185409705628E+02
  3.450000000000022E+01   3.736237214749757E+02   3.658357455123058E+02   3.395997422741777E+02   3.848812187285387E+02   3.957897516037038E+02
  3.460000000000022E+01   3.729877104864133E+02   3.652094674832011E+02   3.389909765256263E+02   3.842588448051303E+02   3.951690888051501E+02
  3.470000000000022E+01   3.723611718319241E+02   3.645927131936758E+02   3.383923319281978E+02   3.836450330336605E+02   3.945563419724392E+02
  3.480000000000022E+01   3.717438174369865E+02   3.639851986177920E+02   3.378035062356527E+02   3.830395428041930E+02   3.939513000569170E+02
  3.490000000000023E+01   3.711353757972931E+02   3.633866528023698E+02   3.372242095320248E+02   3.824421410723069E+02   3.933537562122178E+02
  3.500000000000023E+01   3.705355886890364E+02   3.627968161937940E+02   3.366541626714624E+02   3.818526007068408E+02   3.927635085815056E+02
  3.510000000000023E+01   3.699441985324845E+02   3.622154342299858E+02   3.360930974219937E+02   3.812706991706991E+02   3.921803574357546E+02
  3.520000000000023E+01   3.693609656399892E+02   3.616422644539966E+02   3.355407558747971E+02   3.806962246355577E+02   3.916041136394781E+02
  3.530000000000023E+01   3.687856608268044E+02   3.610770748928644E+02   3.349968895644256E+02   3.801289731417922E+02   3.910345890297274E+02
  3.540000000000023E+01   3.682180621078259E+02   3.605196423769730E+02   3.344612588093043E+02   3.795687481859123E+02   3.904716033203285E+02
  3.550000000000023E+01   3.676579354878861E+02   3.599697284424396E+02   3.339336267157097E+02   3.790153282895068E+02   3.899149717793840E+02
  3.560000000000024E+01   3.671050648284399E+02   3.594271238436455E+02   3.334137672268736E+02   3.784685331296831E+02   3.893645295511960E+02
  3.570000000000024E+01   3.665592600502449E+02   3.588916376993727E+02   3.329014661359941E+02   3.779282006179121E+02   3.888201265206885E+02
  3.580000000000024E+01   3.660203222201451E+02   3.583630666693282E+02   3.323965150342074E+02   3.773941440640726E+02   3.882816041013979E+02
  3.590000000000024E+01   3.654880668474968E+02   3.578412239705282E+02   3.318987135974540E+02   3.768661979091210E+02   3.877488094251267E+02
  3.600000000000024E+01   3.649623144685198E+02   3.573259356710010E+02   3.314078698695448E+02   3.763442138538416E+02   3.872216026067263E+02
  3.610000000000024E+01   3.644428915483913E+02   3.568170285780948E+02   3.309237988296873E+02   3.758280385583755E+02   3.866998443845953E+02
  3.620000000000024E+01   3.639296358003410E+02   3.563143365515710E+02   3.304463218980770E+02   3.753175244104521E+02   3.861834007653073E+02
  3.630000000000025E+01   3.634223849766439E+02   3.558176956184763E+02   3.299752659823364E+02   3.748125208428854E+02   3.856721303557449E+02
  3.640000000000025E+01   3.629209818400726E+02   3.553269455038925E+02   3.295104633141169E+02   3.743128784862951E+02   3.851658880286346E+02
  3.650000000000025E+01   3.624252763450345E+02   3.548419351221802E+02   3.290517520948789E+02   3.738184660173850E+02   3.846645599507330E+02
  3.660000000000025E+01   3.619351206197175E+02   3.543625182987134E+02   3.285989759377562E+02   3.733291550757227E+02   3.841680316500594E+02
  3.670000000000025E+01   3.614503757697089E+02   3.538885550006790E+02   3.281519838865812E+02   3.728448221009285E+02   3.836761916081371E+02
  3.680000000000025E+01   3.609709078090479E+02   3.534199094868846E+02   3.277106301170463E+02   3.723653463914460E+02   3.831889292756438E+02
  3.690000000000025E+01   3.604965848110589E+02   3.529564494397983E+02   3.272747734922712E+02   3.718906095443938E+02   3.827061356523014E+02
  3.700000000000026E+01   3.600272802540595E+02   3.524980467227024E+02   3.268442774368084E+02   3.714204959202972E+02   3.822277034982307E+02
  3.710000000000026E+01   3.595628722516654E+02   3.520445777378984E+02   3.264190098315045E+02   3.709548948689052E+02   3.817535304852811E+02
  3.720000000000026E+01   3.591032412299100E+02   3.515959229185429E+02   3.259988417014417E+02   3.704937009863804E+02   3.812835154017941E+02
  3.730000000000026E+01   3.586482716349133E+02   3.511519648980859E+02   3.255836483692879E+02   3.700368076393571E+02   3.808175620358888E+02
  3.740000000000026E+01   3.581978515212542E+02   3.507125903826563E+02   3.251733095641366E+02   3.695841125235311E+02   3.803555772366551E+02
  3.750000000000026E+01   3.577518724664479E+02   3.502776900772741E+02   3.247677086951846E+02   3.691355177001735E+02   3.798974706240716E+02
  3.760000000000026E+01   3.573102291583660E+02   3.498471583342526E+02   3.243667325625042E+02   3.686909288318498E+02   3.794431542203467E+02
  3.770000000000027E+01   3.568728198948917E+02   3.494208920532927E+02   3.239702718456278E+02   3.682502521711567E+02   3.789925424400818E+02
  3.780000000000027E+01   3.564395451365656E+02   3.489987911155962E+02   3.235782205506158E+02   3.678133972737378E+02   3.785455516518990E+02
  3.790000000000027E+01   3.560103080196603E+02   3.485807584930412E+02   3.231904759474811E+02   3.673802761860170E+02   3.781020999903662E+02
  3.800000000000027E+01   3.555850155395781E+02   3.481667003354380E+02   3.228069384457847E+02   3.669508039538775E+02   3.776621084980069E+02
  3.810000000000027E+01   3.551635766633793E+02   3.477565248066349E+02   3.224275111905149E+02   3.665248971824807E+02   3.772255006069854E+02
  3.820000000000027E+01   3.547459037166711E+02   3.473501433618626E+02   3.220521002608978E+02   3.661024754678909E+02   3.767922008264237E+02
  3.830000000000027E+01   3.543319117543306E+02   3.469474702914737E+02   3.216806146000627E+02   3.656834609407471E+02   3.763621361292587E+02
  3.840000000000028E+01   3.539215185571011E+02   3.465484225284115E+02   3.213129658830824E+02   3.652677782326246E+02   3.759352359547050E+02
  3.850000000000028E+01   3.535146446372304E+02   3.461529197251956E+02   3.209490685169180E+02   3.648553546326714E+02   3.755114323572611E+02
  3.860000000000028E+01   3.531112125162290E+02   3.457608838514271E+02   3.205888394663344E+02   3.644461195185255E+02   3.750906591687672E+02
  3.870000000000028E+01   3.527111466316056E+02   3.453722388186706E+02   3.202321980623354E+02   3.640400035155173E+02   3.746728514394691E+02
  3.880000000000028E+01   3.523143738362218E+02   3.449869107160202E+02   3.198790659558904E+02   3.636369392485588E+02   3.742579461468963E+02
  3.890000000000028E+01   3.519208231049515E+02   3.446048276798247E+02   3.195293670010002E+02   3.632368611122258E+02   3.738458821573000E+02
  3.900000000000028E+01   3.515304253515293E+02   3.442259200532042E+02   3.191830272076268E+02   3.628397059907963E+02   3.734366001501268E+02
  3.910000000000029E+01   3.511431133663309E+02   3.438501201390533E+02   3.188399746834254E+02   3.624454123260764E+02   3.730300421688826E+02
  3.920000000000029E+01   3.507588220128511E+02   3.434773621942062E+02   3.185001395795543E+02   3.620539203130317E+02   3.726261521331932E+02
  3.930000000000029E+01   3.503774881321624E+02   3.431075823289163E+02   3.181634540301172E+02   3.616651717426351E+02   3.722248756758483E+02
  3.940000000000029E+01   3.499990503654647E+02   3.427407185770094E+02   3.178298520849094E+02   3.612791104432351E+02   3.718261599283379E+02
  3.950000000000029E+01   3.496234490628701E+02   3.423767107376844E+02   3.174992696706932E+02   3.608956816849922E+02   3.714299535054824E+02
  3.960000000000029E+01   3.492506260229529E+02   3.420155001367921E+02   3.171716445010849E+02   3.605148320225770E+02   3.710362062614450E+02
  3.970000000000029E+01   3.488805243993343E+02   3.416570295249963E+02   3.168469159506816E+02   3.601365091751675E+02   3.706448690727854E+02
  3.980000000000030E+01   3.485130891866647E+02   3.413012433501564E+02   3.165250250510268E+02   3.597606625019343E+02   3.702558942588757E+02
  3.990000000000030E+01   3.481482667383573E+02   3.409480875062466E+02   3.162059144209064E+02   3.593872426384166E+02   3.698692354300163E+02
  4.000000000000030E+01   3.477860049548680E+02   3.405975093676237E+02   3.158895282447018E+02   3.590162015655495E+02   3.694848475110545E+02
  4.010000000000030E+01   3.474262530814846E+02   3.402494576736791E+02   3.155758121319640E+02   3.586474924791582E+02   3.691026865432588E+02
  4.020000000000030E+01   3.470689615539790E+02   3.399038824099847E+02   3.152647130288789E+02   3.582810696943025E+02   3.687227095229857E+02
  4.030000000000030E+01   3.467140819165898E+02   3.395607346664274E+02   3.149561790539024E+02   3.579168885288739E+02   3.683448743583114E+02
  4.040000000000030E+01   3.463615667258878E+02   3.392199665172515E+02   3.146501593336102E+02   3.575549052067833E+02   3.679691398117896E+02
  4.050000000000031E+01   3.460113692601550E+02   3.388815308107269E+02   3.143466038192824E+02   3.571950766578739E+02   3.675954652279555E+02
  4.060000000000031E+01   3.456634434384812E+02   3.385453810043448E+02   3.140454631176378E+02   3.568373602607550E+02   3.672238104229492E+02
  4.070000000000031E+01   3.453177437246776E+02   3.382114710337926E+02   3.137466883273617E+02   3.564817138403723E+02   3.668541355889008E+02
  4.080000000000031E+01   3.449742249363211E+02   3.378797551688892E+02   3.134502308933149E+02   3.561280955006944E+02   3.664864011482659E+02
  4.090000000000031E+01   3.446328420945077E+02   3.375501878726893E+02   3.131560424610375E+02   3.557764634786724E+02   3.661205675570691E+02
  4.100000000000031E+01   3.442935502987337E+02   3.372227236811651E+02   3.128640747543462E+02   3.554267760289891E+02   3.657565952223599E+02
  4.110000000000031E+01   3.439563046050221E+02   3.368973170682519E+02   3.125742794680702E+02   3.550789912315522E+02   3.653944443787770E+02
  4.120000000000032E+01   3.436210599084243E+02   3.365739223281251E+02   3.122866081716887E+02   3.547330669429797E+02   3.650340749578241E+02
  4.130000000000032E+01   3.432877708407390E+02   3.362524935013754E+02   3.120010122313071E+02   3.543889606867722E+02   3.646754464844797E+02
  4.140000000000032E+01   3.429563916651445E+02   3.359329842805695E+02   3.117174427435651E+02   3.540466295364188E+02   3.643185179657336E+02
  4.150000000000032E+01   3.426268762071863E+02   3.356153479363901E+02   3.114358504883364E+02   3.537060300335970E+02   3.639632478178157E+02
  4.160000000000032E+01   3.422991778321613E+02   3.352995373076963E+02   3.111561859117348E+02   3.533671181683509E+02   3.636095938000659E+02
  4.170000000000032E+01   3.419732493944682E+02   3.349855047629216E+02   3.108783991175738E+02   3.530298493276832E+02   3.632575129813007E+02
  4.180000000000032E+01   3.416490432598181E+02   3.346732022061165E+02   3.106024398816363E+02   3.526941783004768E+02   3.629069617433775E+02
  4.190000000000033E+01   3.413265113102241E+02   3.343625810927410E+02   3.103282576789792E+02   3.523600592843613E+02   3.625578957868674E+02
  4.200000000000033E+01   3.410056049056653E+02   3.340535924221413E+02   3.100558017134292E+02   3.520274458460336E+02   3.622102700805358E+02
  4.210000000000033E+01   3.406862749242521E+02   3.337461867720268E+02   3.097850209616942E+02   3.516962909585921E+02   3.618640388867125E+02
  4.220000000000033E+01   3.403684718305971E+02   3.334403143589473E+02   3.095158642316455E+02   3.513665470720542E+02   3.615191558213858E+02
  4.230000000000033E+01   3.400521457377280E+02   3.331359251017520E+02   3.092482802273960E+02   3.510381661565018E+02   3.611755739133339E+02
  4.240000000000033E+01   3.397372464818291E+02   3.328329686926723E+02   3.089822176261514E+02   3.507110997765897E+02   3.608332456850200E+02
  4.250000000000033E+01   3.394237237182755E+02   3.325313946891520E+02   3.087176251636992E+02   3.503852991864280E+02   3.604921232500784E+02
  4.260000000000034E+01   3.391115269900663E+02   3.322311525947739E+02   3.084544517224334E+02   3.500607154231611E+02   3.601521583849682E+02
  4.270000000000034E+01   3.388006058120106E+02   3.319321919505164E+02   3.081926464226258E+02   3.497372993772829E+02   3.598133026100070E+02
  4.280000000000034E+01   3.384909097567439E+02   3.316344624192749E+02   3.079321587128441E+02   3.494150018784962E+02   3.594755072811082E+02
  4.290000000000034E+01   3.381823885518592E+02   3.313379138812182E+02   3.076729384623761E+02   3.490937737963623E+02   3.591387236890350E+02
  4.300000000000034E+01   3.378749921682202E+02   3.310424965239078E+02   3.074149360494259E+02   3.487735661339316E+02   3.588029031592525E+02
  4.310000000000034E+01   3.375686709074283E+02   3.307481609281695E+02   3.071581024463163E+02   3.484543301150893E+02   3.584679971432402E+02
  4.320000000000034E+01   3.372633754967391E+02   3.304548581617244E+02   3.069023893056985E+02   3.481360172849699E+02   3.581339573160781E+02
  4.330000000000035E+01   3.369590571688017E+02   3.301625398602110E+02   3.066477490369650E+02   3.478185795893538E+02   3.578007356665668E+02
  4.340000000000035E+01   3.366556677598171E+02   3.298711583186728E+02   3.063941348878070E+02   3.475019694777744E+02   3.574682845989591E+02
  4.350000000000035E+01   3.363531597913498E+02   3.295806665724346E+02   3.061415010157508E+02   3.471861399941594E+02   3.571365570279688E+02
  4.360000000000035E+01   3.360514865489507E+02   3.292910184738539E+02   3.058898025543410E+02   3.468710448594090E+02   3.568055064686458E+02
  4.370000000000035E+01   3.357506021528142E+02   3.290021687614662E+02   3.056389956734220E+02   3.465566385449073E+02   3.564750871172253E+02
  4.380000000000035E+01   3.354504616090675E+02   3.287140731126810E+02   3.053890376300112E+02   3.462428763316239E+02   3.561452539094385E+02
  4.390000000000035E+01   3.351510208777412E+02   3.284266882047313E+02   3.051398868145299E+02   3.459297143811183E+02   3.558159625989657E+02
  4.400000000000036E+01   3.348522369444896E+02   3.281399717773947E+02   3.048915027942672E+02   3.456171098151736E+02   3.554871698448245E+02
  4.410000000000036E+01   3.345540678855588E+02   3.278538826918357E+02   3.046438463522919E+02   3.453050207872037E+02   3.551588332925464E+02
  4.420000000000036E+01   3.342564729227811E+02   3.275683809796176E+02   3.043968795204370E+02   3.449934065431326E+02   3.548309116429859E+02
  4.430000000000036E+01   3.339594124714171E+02   3.272834278848529E+02   3.041505656058407E+02   3.446822274765652E+02   3.545033647140865E+02
  4.440000000000036E+01   3.336628481807245E+02   3.269989859004397E+02   3.039048692115802E+02   3.443714451757857E+02   3.541761534954909E+02
  4.450000000000036E+01   3.333667429656886E+02   3.267150187962001E+02   3.036597562513320E+02   3.440610224624654E+02   3.538492401933779E+02
  4.460000000000036E+01   3.330710610317560E+02   3.264314916400042E+02   3.034151939582264E+02   3.437509234223809E+02   3.535225882670114E+02
  4.470000000000037E+01   3.327757678950492E+02   3.261483708136421E+02   3.031711508884724E+02   3.434411134311963E+02   3.531961624599519E+02
  4.480000000000037E+01   3.324808303975277E+02   3.258656240240584E+02   3.029275969203212E+02   3.431315591752260E+02   3.528699288259678E+02
  4.490000000000037E+01   3.321862167165895E+02   3.255832203092309E+02   3.026845032484750E+02   3.428222286662466E+02   3.525438547489223E+02
  4.500000000000037E+01   3.318918963703740E+02   3.253011300396765E+02   3.024418423745873E+02   3.425130912515258E+02   3.522179089576553E+02
  4.510000000000037E+01   3.315978402165706E+02   3.250193249144887E+02   3.021995880937627E+02   3.422041176175650E+02   3.518920615342553E+02
  4.520000000000037E+01   3.313040204448219E+02   3.247377779517440E+02   3.019577154772545E+02   3.418952797866707E+02   3.515662839137760E+02
  4.530000000000037E+01   3.310104105695574E+02   3.244564634779803E+02   3.017162008528444E+02   3.415865511137040E+02   3.512405488849409E+02
  4.540000000000038E+01   3.307169854213429E+02   3.241753571161513E+02   3.014750217833837E+02   3.412779062814907E+02   3.509148305897073E+02
  4.550000000000038E+01   3.304237211363069E+02   3.238944357716368E+02   3.012341570437016E+02   3.409693212938996E+02   3.505891045202015E+02
  4.560000000000038E+01   3.301305951425553E+02   3.236136776156358E+02   3.009935865957532E+02   3.406607734656176E+02   3.502633475119470E+02
  4.570000000000038E+01   3.298375861432505E+02   3.233330620656963E+02   3.007532915619530E+02   3.403522414082832E+02   3.499375377329885E+02
  4.580000000000038E+01   3.295446740957901E+02   3.230525697630874E+02   3.005132541967508E+02   3.400437050124389E+02   3.496116546682415E+02
  4.590000000000038E+01   3.292518401881048E+02   3.227721825475801E+02   3.002734578566722E+02   3.397351454261255E+02   3.492856790999859E+02
  4.600000000000038E+01   3.289590668129600E+02   3.224918834303102E+02   3.000338869691048E+02   3.394265450311175E+02   3.489595930857453E+02
  4.610000000000039E+01   3.286663375399501E+02   3.222116565646594E+02   2.997945269999855E+02   3.391178874165005E+02   3.486333799331070E+02
  4.620000000000039E+01   3.283736370861566E+02   3.219314872159455E+02   2.995553644207832E+02   3.388091573506907E+02   3.483070241727696E+02
  4.630000000000039E+01   3.280809512859415E+02   3.216513617303141E+02   2.993163866750739E+02   3.385003407523750E+02   3.479805115303591E+02
  4.640000000000039E+01   3.277882670601253E+02   3.213712675031130E+02   2.990775821449546E+02   3.381914246606449E+02   3.476538288972762E+02
  4.650000000000039E+01   3.274955723845472E+02   3.210911929468047E+02   2.988389401174078E+02   3.378823972043423E+02   3.473269643005701E+02
  4.660000000000039E+01   3.272028562579724E+02   3.208111274584337E+02   2.986004507507126E+02   3.375732475705989E+02   3.469999068718080E+02
  4.670000000000039E+01   3.269101086693059E+02   3.205310613866486E+02   2.983621050409618E+02   3.372639659724989E+02   3.466726468148144E+02
  4.680000000000040E+01   3.266173205643924E+02   3.202509859984644E+02   2.981238947887767E+02   3.369545436161769E+02   3.463451753726744E+02
  4.690000000000040E+01   3.263244838126354E+02   3.199708934459887E+02   2.978858125663500E+02   3.366449726676232E+02   3.460174847943122E+02
  4.700000000000040E+01   3.260315911738748E+02   3.196907767334573E+02   2.976478516850144E+02   3.363352462195835E+02   3.456895683010382E+02
  4.710000000000040E+01   3.257386362653800E+02   3.194106296844968E+02   2.974100061633405E+02   3.360253582585033E+02   3.453614200530419E+02
  4.720000000000040E+01   3.254456135291646E+02   3.191304469097952E+02   2.971722706958708E+02   3.357153036316888E+02   3.450330351160109E+02
  4.730000000000040E+01   3.251525181996049E+02   3.188502237751779E+02   2.969346406225122E+02   3.354050780147123E+02   3.447044094279078E+02
  4.740000000000040E+01   3.248593462716660E+02   3.185699563703321E+02   2.966971118987095E+02   3.350946778793096E+02   3.443755397661524E+02
  4.750000000000041E+01   3.245660944696030E+02   3.182896414780876E+02   2.964596810663854E+02   3.347841004617043E+02   3.440464237151639E+02
  4.760000000000041E+01   3.242727602162239E+02   3.180092765443314E+02   2.962223452256760E+02   3.344733437314334E+02   3.437170596343416E+02
  4.770000000000041E+01   3.239793416027509E+02   3.177288596485789E+02   2.959851020074827E+02   3.341624063607118E+02   3.433874466265241E+02
  4.780000000000041E+01   3.236858373593152E+02   3.174483894752391E+02   2.957479495468581E+02   3.338512876943762E+02   3.430575845069727E+02
  4.790000000000041E+01   3.233922468260913E+02   3.171678652855726E+02   2.955108864572221E+02   3.335399877204176E+02   3.427274737728862E+02
  4.800000000000041E+01   3.230985699250813E+02   3.168872868903537E+02   2.952739118054106E+02   3.332285070411162E+02   3.423971155734724E+02
  4.810000000000041E+01   3.228048071325529E+02   3.166066546232351E+02   2.950370250875480E+02   3.329168468447877E+02   3.420665116805855E+02
  4.820000000000041E+01   3.225109594521502E+02   3.163259693148269E+02   2.948002262057368E+02   3.326050088781600E+02   3.417356644599512E+02
  4.830000000000042E+01   3.222170283886583E+02   3.160452322674729E+02   2.945635154455484E+02   3.322929954193748E+02   3.414045768429867E+02
  4.840000000000042E+01   3.219230159224706E+02   3.157644452307514E+02   2.943268934543142E+02   3.319808092516487E+02   3.410732522992495E+02
  4.850000000000042E+01   3.216289244847454E+02   3.154836103776947E+02   2.940903612202029E+02   3.316684536375986E+02   3.407416948095292E+02
  4.860000000000042E+01   3.213347569332670E+02   3.152027302817243E+02   2.938539200520646E+02   3.313559322942450E+02   3.404099088395961E+02
  4.870000000000042E+01   3.210405165290194E+02   3.149218078943129E+02   2.936175715600407E+02   3.310432493687022E+02   3.400778993146318E+02
  4.880000000000042E+01   3.207462069134776E+02   3.146408465233631E+02   2.933813176369168E+02   3.307304094145670E+02   3.397456715943488E+02
  4.890000000000042E+01   3.204518320866217E+02   3.143598498123093E+02   2.931451604402073E+02   3.304174173690138E+02   3.394132314488155E+02
  4.900000000000043E+01   3.201573963856760E+02   3.140788217199361E+02   2.929091023749601E+02   3.301042785305997E+02   3.390805850349966E+02
  4.910000000000043E+01   3.198629044645672E+02   3.137977665009059E+02   2.926731460772596E+02   3.297909985377789E+02   3.387477388740079E+02
  4.920000000000043E+01   3.195683612741057E+02   3.135166886869915E+02   2.924372943984176E+02   3.294775833481294E+02   3.384146998290962E+02
  4.930000000000043E+01   3.192737720428739E+02   3.132355930690026E+02   2.922015503898289E+02   3.291640392182865E+02   3.380814750843377E+02
  4.940000000000043E+01   3.189791422588237E+02   3.129544846793963E+02   2.919659172884803E+02   3.288503726845755E+02   3.377480721240545E+02
  4.950000000000043E+01   3.186844776515619E+02   3.126733687755591E+02   2.917303985030923E+02   3.285365905443398E+02   3.374144987129401E+02
  4.960000000000043E+01   3.183897841753219E+02   3.123922508237453E+02   2.914949976008687E+02   3.282226998379486E+02   3.370807628768913E+02
  4.970000000000044E+01   3.180950679925987E+02   3.121111364836597E+02   2.912597182948505E+02   3.279087078314776E+02   3.367468728845296E+02
  4.980000000000044E+01   3.178003354584379E+02   3.118300315936652E+02   2.910245644318365E+02   3.275946220000466E+02   3.364128372294055E+02
  4.990000000000044E+01   3.175055931053611E+02   3.115489421566043E+02   2.907895399808676E+02   3.272804500118023E+02   3.360786646128686E+02
  5.000000000000044E+01   3.172108476289123E+02   3.112678743262136E+02   2.905546490222472E+02   3.269661997125279E+02   3.357443639275943E+02
  5.010000000000044E+01   3.169161058738030E+02   3.109868343941120E+02   2.903198957370779E+02   3.266518791108660E+02   3.354099442417445E+02
  5.020000000000044E+01   3.166213748206479E+02   3.107058287773521E+02   2.900852843973026E+02   3.263374963641394E+02   3.350754147837549E+02
  5.030000000000044E+01   3.163266615732647E+02   3.104248640065128E+02   2.898508193562256E+02   3.260230597647513E+02   3.347407849277272E+02
  5.040000000000045E+01   3.160319733465248E+02   3.101439467143148E+02   2.896165050394980E+02   3.257085777271498E+02   3.344060641794114E+02
  5.050000000000045E+01   3.157373174547357E+02   3.098630836247435E+02   2.893823459365468E+02   3.253940587753374E+02   3.340712621627611E+02
  5.060000000000045E+01   3.154427013005383E+02   3.095822815426632E+02   2.891483465924375E+02   3.250795115309137E+02   3.337363886070472E+02
  5.070000000000045E+01   3.151481323643006E+02   3.093015473439020E+02   2.889145116001428E+02   3.247649447016277E+02   3.334014533345107E+02
  5.080000000000045E+01   3.148536181939944E+02   3.090208879657957E+02   2.886808455932107E+02   3.244503670704324E+02   3.330664662485406E+02
  5.090000000000045E+01   3.145591663955316E+02   3.087403103981703E+02   2.884473532388096E+02   3.241357874850156E+02   3.327314373223571E+02
  5.100000000000045E+01   3.142647846235520E+02   3.084598216747504E+02   2.882140392311364E+02   3.238212148478010E+02   3.323963765881912E+02
  5.110000000000046E+01   3.139704805726378E+02   3.081794288649731E+02   2.879809082851752E+02   3.235066581063926E+02   3.320612941269358E+02
  5.120000000000046E+01   3.136762619689487E+02   3.078991390661999E+02   2.877479651307874E+02   3.231921262444612E+02   3.317262000582604E+02
  5.130000000000046E+01   3.133821365622554E+02   3.076189593963069E+02   2.875152145071243E+02   3.228776282730466E+02   3.313911045311715E+02
  5.140000000000046E+01   3.130881121183603E+02   3.073388969866404E+02   2.872826611573444E+02   3.225631732222683E+02   3.310560177150040E+02
  5.150000000000046E+01   3.127941964118897E+02   3.070589589753232E+02   2.870503098236247E+02   3.222487701334246E+02   3.307209497908300E+02
  5.160000000000046E+01   3.125003972194451E+02   3.067791525008993E+02   2.868181652424516E+02   3.219344280514719E+02   3.303859109432695E+02
  5.170000000000046E+01   3.122067223131000E+02   3.064994846963073E+02   2.865862321401841E+02   3.216201560178708E+02   3.300509113526937E+02
  5.180000000000047E+01   3.119131794542288E+02   3.062199626831626E+02   2.863545152288680E+02   3.213059630637812E+02   3.297159611878014E+02
  5.190000000000047E+01   3.116197763876559E+02   3.059405935663455E+02   2.861230192023024E+02   3.209918582035998E+02   3.293810705985624E+02
  5.200000000000047E+01   3.113265208361117E+02   3.056613844288750E+02   2.858917487323372E+02   3.206778504288247E+02   3.290462497095099E+02
  5.210000000000047E+01   3.110334204949881E+02   3.053823423270646E+02   2.856607084653968E+02   3.203639487022349E+02   3.287115086133737E+02
  5.220000000000047E+01   3.107404830273756E+02   3.051034742859430E+02   2.854299030192198E+02   3.200501619523770E+02   3.283768573650395E+02
  5.230000000000047E+01   3.104477160593768E+02   3.048247872949361E+02   2.851993369798016E+02   3.197364990683446E+02   3.280423059758268E+02
  5.240000000000047E+01   3.101551271756832E+02   3.045462883037893E+02   2.849690148985366E+02   3.194229688948380E+02   3.277078644080683E+02
  5.250000000000048E+01   3.098627239154063E+02   3.042679842187387E+02   2.847389412895446E+02   3.191095802275044E+02   3.273735425699866E+02
  5.260000000000048E+01   3.095705137681502E+02   3.039898818988962E+02   2.845091206271792E+02   3.187963418085311E+02   3.270393503108535E+02
  5.270000000000048E+01   3.092785041703251E+02   3.037119881528693E+02   2.842795573437053E+02   3.184832623225008E+02   3.267052974164235E+02
  5.280000000000048E+01   3.089867025016797E+02   3.034343097355795E+02   2.840502558271417E+02   3.181703503924858E+02   3.263713936046315E+02
  5.290000000000048E+01   3.086951160820487E+02   3.031568533452855E+02   2.838212204192568E+02   3.178576145763757E+02   3.260376485215415E+02
  5.300000000000048E+01   3.084037521683151E+02   3.028796256208034E+02   2.835924554137152E+02   3.175450633634340E+02   3.257040717375442E+02
  5.310000000000048E+01   3.081126179515657E+02   3.026026331389102E+02   2.833639650543652E+02   3.172327051710702E+02   3.253706727437876E+02
  5.320000000000049E+01   3.078217205544430E+02   3.023258824119249E+02   2.831357535336624E+02   3.169205483418196E+02   3.250374609488367E+02
  5.330000000000049E+01   3.075310670286763E+02   3.020493798854639E+02   2.829078249912199E+02   3.166086011405292E+02   3.247044456755494E+02
  5.340000000000049E+01   3.072406643527941E+02   3.017731319363555E+02   2.826801835124847E+02   3.162968717517272E+02   3.243716361581652E+02
  5.350000000000049E+01   3.069505194300007E+02   3.014971448707151E+02   2.824528331275288E+02   3.159853682771862E+02   3.240390415395930E+02
  5.360000000000049E+01   3.066606390862172E+02   3.012214249221691E+02   2.822257778099512E+02   3.156740987336602E+02   3.237066708688949E+02
  5.370000000000049E+01   3.063710300682785E+02   3.009459782502230E+02   2.819990214758889E+02   3.153630710507937E+02   3.233745330989573E+02
  5.380000000000049E+01   3.060816990422765E+02   3.006708109387660E+02   2.817725679831248E+02   3.150522930691922E+02   3.230426370843383E+02
  5.390000000000050E+01   3.057926525920478E+02   3.003959289947088E+02   2.815464211302946E+02   3.147417725386540E+02   3.227109915792901E+02
  5.400000000000050E+01   3.055038972177971E+02   3.001213383467470E+02   2.813205846561858E+02   3.144315171165488E+02   3.223796052359456E+02
  5.410000000000050E+01   3.052154393348506E+02   2.998470448442453E+02   2.810950622391192E+02   3.141215343663438E+02   3.220484866026625E+02
  5.420000000000050E+01   3.049272852725334E+02   2.995730542562342E+02   2.808698574964174E+02   3.138118317562639E+02   3.217176441225196E+02
  5.430000000000050E+01   3.046394412731672E+02   2.992993722705191E+02   2.806449739839487E+02   3.135024166580886E+02   3.213870861319593E+02
  5.440000000000050E+01   3.043519134911826E+02   2.990260044928964E+02   2.804204151957467E+02   3.131932963460752E+02   3.210568208595694E+02
  5.450000000000050E+01   3.040647079923363E+02   2.987529564464622E+02   2.801961845637003E+02   3.128844779959979E+02   3.207268564249961E+02
  5.460000000000051E+01   3.037778307530348E+02   2.984802335710225E+02   2.799722854573097E+02   3.125759686843089E+02   3.203972008379866E+02
  5.470000000000051E+01   3.034912876597581E+02   2.982078412225944E+02   2.797487211835062E+02   3.122677753874070E+02   3.200678619975539E+02
  5.480000000000051E+01   3.032050845085746E+02   2.979357846729895E+02   2.795254949865327E+02   3.119599049810126E+02   3.197388476912571E+02
  5.490000000000051E+01   3.029192270047465E+02   2.976640691094840E+02   2.793026100478785E+02   3.116523642396436E+02   3.194101655945927E+02
  5.500000000000051E+01   3.026337207624216E+02   2.973926996345645E+02   2.790800694862714E+02   3.113451598361854E+02   3.190818232704926E+02
  5.510000000000051E+01   3.023485713044062E+02   2.971216812657486E+02   2.788578763577171E+02   3.110382983415555E+02   3.187538281689241E+02
  5.520000000000051E+01   3.020637840620146E+02   2.968510189354773E+02   2.786360336555878E+02   3.107317862244536E+02   3.184261876265850E+02
  5.530000000000052E+01   3.017793643749924E+02   2.965807174910743E+02   2.784145443107561E+02   3.104256298511948E+02   3.180989088666923E+02
  5.540000000000052E+01   3.014953174915070E+02   2.963107816947667E+02   2.781934111917719E+02   3.101198354856193E+02   3.177719989988555E+02
  5.550000000000052E+01   3.012116485682100E+02   2.960412162237712E+02   2.779726371050769E+02   3.098144092890851E+02   3.174454650190372E+02
  5.560000000000052E+01   3.009283626703555E+02   2.957720256704301E+02   2.777522247952593E+02   3.095093573205201E+02   3.171193138095895E+02
  5.570000000000052E+01   3.006454647719816E+02   2.955032145424087E+02   2.775321769453437E+02   3.092046855365517E+02   3.167935521393663E+02
  5.580000000000052E+01   3.003629597561475E+02   2.952347872629383E+02   2.773124961771115E+02   3.089003997916952E+02   3.164681866639078E+02
  5.590000000000052E+01   3.000808524152207E+02   2.949667481711102E+02   2.770931850514547E+02   3.085965058386043E+02   3.161432239256904E+02
  5.600000000000053E+01   2.997991474512193E+02   2.946991015222147E+02   2.768742460687600E+02   3.082930093283780E+02   3.158186703544437E+02
  5.610000000000053E+01   2.995178494761963E+02   2.944318514881228E+02   2.766556816693159E+02   3.079899158109247E+02   3.154945322675246E+02
  5.620000000000053E+01   2.992369630126706E+02   2.941650021577067E+02   2.764374942337492E+02   3.076872307353713E+02   3.151708158703495E+02
  5.630000000000053E+01   2.989564924941018E+02   2.938985575373019E+02   2.762196860834817E+02   3.073849594505287E+02   3.148475272568830E+02
  5.640000000000053E+01   2.986764422653977E+02   2.936325215511993E+02   2.760022594812123E+02   3.070831072053941E+02   3.145246724101729E+02
  5.650000000000053E+01   2.983968165834667E+02   2.933668980421779E+02   2.757852166314161E+02   3.067816791497044E+02   3.142022572029364E+02
  5.660000000000053E+01   2.981176196177991E+02   2.931016907720610E+02   2.755685596808644E+02   3.064806803345219E+02   3.138802873981897E+02
  5.670000000000054E+01   2.978388554885611E+02   2.928369034497935E+02   2.753522907321188E+02   3.061801157410433E+02   3.135587686750184E+02
  5.680000000000054E+01   2.975605281441635E+02   2.925725396433010E+02   2.751364118044297E+02   3.058799901912982E+02   3.132377065498791E+02
  5.690000000000054E+01   2.972826414999391E+02   2.923086028773503E+02   2.749209248743600E+02   3.055803084452340E+02   3.129171064614553E+02
  5.700000000000054E+01   2.970051993844052E+02   2.920450965973106E+02   2.747058318633740E+02   3.052810751671180E+02   3.125969737419520E+02
  5.710000000000054E+01   2.967282055410594E+02   2.917820241703739E+02   2.744911346381911E+02   3.049822949256054E+02   3.122773136174039E+02
  5.720000000000054E+01   2.964516636295788E+02   2.915193888864186E+02   2.742768350112923E+02   3.046839721946239E+02   3.119581312085189E+02
  5.730000000000054E+01   2.961755772268058E+02   2.912571939588324E+02   2.740629347414944E+02   3.043861113542927E+02   3.116394315316141E+02
  5.740000000000055E+01   2.958999498276496E+02   2.909954425253100E+02   2.738494355345614E+02   3.040887166918175E+02   3.113212194995621E+02
  5.750000000000055E+01   2.956247848459506E+02   2.907341376486460E+02   2.736363390438327E+02   3.037917924023824E+02   3.110034999227457E+02
  5.760000000000055E+01   2.953500856153361E+02   2.904732823175289E+02   2.734236468708648E+02   3.034953425900430E+02   3.106862775100234E+02
  5.770000000000055E+01   2.950758553900752E+02   2.902128794473403E+02   2.732113605660765E+02   3.031993712686303E+02   3.103695568697078E+02
  5.780000000000055E+01   2.948020973459373E+02   2.899529318809587E+02   2.729994816294015E+02   3.029038823626619E+02   3.100533425105584E+02
  5.790000000000055E+01   2.945288145810614E+02   2.896934423895743E+02   2.727880115109452E+02   3.026088797082692E+02   3.097376388427897E+02
  5.800000000000055E+01   2.942560101168267E+02   2.894344136735066E+02   2.725769516116439E+02   3.023143670541301E+02   3.094224501790899E+02
  5.810000000000056E+01   2.939836868987371E+02   2.891758483630317E+02   2.723663032839265E+02   3.020203480624166E+02   3.091077807356552E+02
  5.820000000000056E+01   2.937118477973078E+02   2.889177490192167E+02   2.721560678323796E+02   3.017268263097500E+02   3.087936346332334E+02
  5.830000000000056E+01   2.934404956089601E+02   2.886601181347539E+02   2.719462465144107E+02   3.014338052881639E+02   3.084800158981782E+02
  5.840000000000056E+01   2.931696330569208E+02   2.884029581348070E+02   2.717368405409175E+02   3.011412884060762E+02   3.081669284635132E+02
  5.850000000000056E+01   2.928992627921284E+02   2.881462713778573E+02   2.715278510769519E+02   3.008492789892696E+02   3.078543761700040E+02
  5.860000000000056E+01   2.926293873941390E+02   2.878900601565508E+02   2.713192792423878E+02   3.005577802818719E+02   3.075423627672357E+02
  5.870000000000056E+01   2.923600093720389E+02   2.876343266985533E+02   2.711111261125859E+02   3.002667954473484E+02   3.072308919146979E+02
  5.880000000000057E+01   2.920911311653553E+02   2.873790731674006E+02   2.709033927190582E+02   2.999763275694900E+02   3.069199671828721E+02
  5.890000000000057E+01   2.918227551449836E+02   2.871243016633642E+02   2.706960800501349E+02   2.996863796534199E+02   3.066095920543333E+02
  5.900000000000057E+01   2.915548836140911E+02   2.868700142242959E+02   2.704891890516212E+02   2.993969546265828E+02   3.062997699248386E+02
  5.910000000000057E+01   2.912875188090347E+02   2.866162128264857E+02   2.702827206274581E+02   2.991080553397444E+02   3.059905041044254E+02
  5.920000000000057E+01   2.910206629002771E+02   2.863628993855159E+02   2.700766756403764E+02   2.988196845679931E+02   3.056817978185122E+02
  5.930000000000057E+01   2.907543179933022E+02   2.861100757571143E+02   2.698710549125514E+02   2.985318450117393E+02   3.053736542089971E+02
  5.940000000000057E+01   2.904884861295271E+02   2.858577437380064E+02   2.696658592262517E+02   2.982445392977158E+02   3.050660763353587E+02
  5.950000000000058E+01   2.902231692872124E+02   2.856059050667624E+02   2.694610893244865E+02   2.979577699799742E+02   3.047590671757528E+02
  5.960000000000058E+01   2.899583693823695E+02   2.853545614246430E+02   2.692567459116453E+02   2.976715395408817E+02   3.044526296281095E+02
  5.970000000000058E+01   2.896940882696640E+02   2.851037144364424E+02   2.690528296541367E+02   2.973858503921129E+02   3.041467665112262E+02
  5.980000000000058E+01   2.894303277433174E+02   2.848533656713267E+02   2.688493411810225E+02   2.971007048756412E+02   3.038414805658580E+02
  5.990000000000058E+01   2.891670895380003E+02   2.846035166436674E+02   2.686462810846442E+02   2.968161052647230E+02   3.035367744558047E+02
  6.000000000000058E+01   2.889043753297256E+02   2.843541688138699E+02   2.684436499212476E+02   2.965320537648801E+02   3.032326507689930E+02
