  1.505000000000000E+01   2.000000000000000E+01   2.126283547672604E+02   2.087410045729681E+02   2.184848828477632E+02   2.177005322400130E+02
  1.510000000000000E+01   2.000000000000000E+01   2.144241979758461E+02   2.102258700489628E+02   2.197808591056971E+02   2.189309842502818E+02
  1.515000000000000E+01   2.000000000000000E+01   2.162679113236036E+02   2.117539006142968E+02   2.211065638499661E+02   2.201865211554387E+02
  1.520000000000000E+01   2.000000000000000E+01   2.181661063223003E+02   2.133247077891766E+02   2.224641860464857E+02   2.214675390436934E+02
  1.525000000000000E+01   2.000000000000000E+01   2.201230295592181E+02   2.149390642160707E+02   2.238548717458455E+02   2.227747033661319E+02
  1.530000000000000E+01   2.000000000000000E+01   2.221421427211100E+02   2.165980446687905E+02   2.252794828654492E+02   2.241086281386109E+02
  1.535000000000000E+01   2.000000000000000E+01   2.242265986902571E+02   2.183028116627315E+02   2.267388533959030E+02   2.254698648892154E+02
  1.540000000000000E+01   2.000000000000000E+01   2.263793650162257E+02   2.200545172392206E+02   2.282337960561331E+02   2.268589036123263E+02
  1.545000000000000E+01   2.000000000000000E+01   2.286031409011306E+02   2.218541987747713E+02   2.297651297792769E+02   2.282761915167520E+02
  1.550000000000000E+01   2.000000000000000E+01   2.309005754244931E+02   2.237030486462601E+02   2.313338497614951E+02   2.297222803845565E+02
  1.555000000000000E+01   2.000000000000000E+01   2.332742439852998E+02   2.256022853720224E+02   2.329407749440051E+02   2.311976399584234E+02
  1.560000000000000E+01   2.000000000000000E+01   2.357266228162767E+02   2.275527360371606E+02   2.345867070890654E+02   2.327026387137078E+02
  1.565000000000000E+01   2.000000000000000E+01   2.382601615597588E+02   2.295552529224047E+02   2.362723808113190E+02   2.342375653639774E+02
  1.570000000000000E+01   2.000000000000000E+01   2.408773582593595E+02   2.316107702566970E+02   2.379985043152701E+02   2.358026590968873E+02
  1.575000000000000E+01   2.000000000000000E+01   2.435807296381818E+02   2.337201916649941E+02   2.397657888366722E+02   2.373981564084821E+02
  1.580000000000000E+01   2.000000000000000E+01   2.463728267889020E+02   2.358843548619867E+02   2.415749067912058E+02   2.390242628017591E+02
  1.585000000000000E+01   2.000000000000000E+01   2.492561199707631E+02   2.381040194891721E+02   2.434265452156042E+02   2.406811850069914E+02
  1.590000000000000E+01   2.000000000000000E+01   2.522328803773094E+02   2.403799205940631E+02   2.453213852050035E+02   2.423691265933996E+02
  1.595000000000000E+01   2.000000000000000E+01   2.553053841837634E+02   2.427126108747520E+02   2.472600889577153E+02   2.440882710902698E+02
  1.600000000000000E+01   2.000000000000000E+01   2.584759416987441E+02   2.451028203693866E+02   2.492433537948993E+02   2.458388377329525E+02
  1.605000000000000E+01   2.000000000000000E+01   2.616810330463595E+02   2.475595145685763E+02   2.513355286080429E+02   2.476128413781227E+02
  1.610000000000000E+01   2.000000000000000E+01   2.648759954059311E+02   2.500773581990833E+02   2.535212716642344E+02   2.494109959488153E+02
  1.615000000000000E+01   2.000000000000000E+01   2.680941084384675E+02   2.526456457828641E+02   2.557724731281950E+02   2.512391682779909E+02
  1.620000000000000E+01   2.000000000000000E+01   2.713813533071488E+02   2.552584464944932E+02   2.580725223190223E+02   2.531035440858957E+02
  1.625000000000000E+01   2.000000000000000E+01   2.747715653753758E+02   2.579157789307066E+02   2.604162488935799E+02   2.550087645016061E+02
  1.630000000000000E+01   2.000000000000000E+01   2.782851559855845E+02   2.606215949354136E+02   2.628048099074516E+02   2.569577020872377E+02
  1.635000000000000E+01   2.000000000000000E+01   2.819331579514834E+02   2.633806455010088E+02   2.652417416178173E+02   2.589518842996105E+02
  1.640000000000000E+01   2.000000000000000E+01   2.857208378795941E+02   2.661979336956282E+02   2.677307914103319E+02   2.609919161770457E+02
  1.645000000000000E+01   2.000000000000000E+01   2.896504307705800E+02   2.690778470499325E+02   2.702751046099680E+02   2.630778267388484E+02
  1.650000000000000E+01   2.000000000000000E+01   2.937228413888533E+02   2.720237398727062E+02   2.728770845398352E+02   2.652093204718833E+02
  1.655000000000000E+01   2.000000000000000E+01   2.979383515075220E+02   2.750382062204324E+02   2.755385345835423E+02   2.673859802447873E+02
  1.660000000000000E+01   2.000000000000000E+01   3.022970458909500E+02   2.781231014037879E+02   2.782603871575508E+02   2.696070689060629E+02
  1.665000000000000E+01   2.000000000000000E+01   3.067988944735578E+02   2.812796895634040E+02   2.810432980249115E+02   2.718719187968086E+02
  1.670000000000000E+01   2.000000000000000E+01   3.114437522215541E+02   2.845086736226838E+02   2.838874472098114E+02   2.741797199483746E+02
  1.675000000000000E+01   2.000000000000000E+01   3.162305407694298E+02   2.878095911953735E+02   2.867932331780473E+02   2.765299042160755E+02
  1.680000000000000E+01   2.000000000000000E+01   3.211586717694095E+02   2.911812510007829E+02   2.897606883986425E+02   2.789217784321636E+02
  1.685000000000000E+01   2.000000000000000E+01   3.262291005286703E+02   2.946224194495272E+02   2.927896807851370E+02   2.813545948548318E+02
  1.690000000000000E+01   2.000000000000000E+01   3.314424846345811E+02   2.981341818905714E+02   2.958798872888750E+02   2.838275703126642E+02
  1.695000000000000E+01   2.000000000000000E+01   3.367993589379265E+02   3.017170866900818E+02   2.990305218477162E+02   2.863397599568623E+02
  1.700000000000000E+01   2.000000000000000E+01   3.422999675281998E+02   3.053715795104112E+02   3.022410072292628E+02   2.888903584158298E+02
  1.705000000000000E+01   2.000000000000001E+01   3.479435401871804E+02   3.090966084436491E+02   3.055108540390552E+02   2.914784890259587E+02
  1.710000000000000E+01   2.000000000000000E+01   3.537286067480246E+02   3.128910954858501E+02   3.088392440708964E+02   2.941029856884593E+02
  1.715000000000000E+01   2.000000000000000E+01   3.596523249485798E+02   3.167535530948768E+02   3.122252101167566E+02   2.967627849245711E+02
  1.720000000000000E+01   2.000000000000000E+01   3.657126991028608E+02   3.206822815851373E+02   3.156678120049164E+02   2.994568018791305E+02
  1.725000000000000E+01   2.000000000000000E+01   3.719068782816134E+02   3.246755422358398E+02   3.191666164239850E+02   3.021844000873315E+02
  1.730000000000000E+01   2.000000000000000E+01   3.782329198031180E+02   3.287311881070203E+02   3.227205674455245E+02   3.049443016806085E+02
  1.735000000000000E+01   2.000000000000000E+01   3.848652275033835E+02   3.327728214130733E+02   3.261770140654115E+02   3.077579416149936E+02
  1.740000000000000E+01   2.000000000000000E+01   3.921948920909703E+02   3.367053202019109E+02   3.293604979467490E+02   3.106653307459561E+02
  1.745000000000000E+01   2.000000000000000E+01   4.000783747269564E+02   3.406419419692265E+02   3.325209690553475E+02   3.136795865842249E+02
  1.750000000000000E+01   2.000000000000000E+01   4.082515047032880E+02   3.446640212481192E+02   3.358092722371211E+02   3.167926676871498E+02
  1.755000000000000E+01   2.000000000000000E+01   4.165394062828522E+02   3.488117727470241E+02   3.392784514694076E+02   3.199924637538713E+02
  1.760000000000000E+01   2.000000000000000E+01   4.248672516001793E+02   3.530966693143030E+02   3.429302836880207E+02   3.232686301299204E+02
  1.765000000000000E+01   2.000000000000000E+01   4.332192800378932E+02   3.575183938475314E+02   3.467465996927160E+02   3.266131053862322E+02
  1.770000000000000E+01   2.000000000000000E+01   4.416070964394605E+02   3.620689474446582E+02   3.507051913645162E+02   3.300196677498193E+02
  1.775000000000000E+01   2.000000000000000E+01   4.500495482443677E+02   3.667395333400568E+02   3.547858204039513E+02   3.334830783111015E+02
  1.780000000000000E+01   2.000000000000000E+01   4.585638469428800E+02   3.715209999731762E+02   3.589706701023880E+02   3.369983896007546E+02
  1.785000000000000E+01   2.000000000000000E+01   4.671627262678885E+02   3.764040408289233E+02   3.632457083946467E+02   3.405611444682364E+02
  1.790000000000000E+01   2.000000000000000E+01   4.758538536248152E+02   3.813798125455889E+02   3.675999610401709E+02   3.441673459456595E+02
  1.795000000000000E+01   2.000000000000000E+01   4.846403093231161E+02   3.864399514615940E+02   3.720239797769737E+02   3.478129355654346E+02
  1.800000000000000E+01   2.000000000000000E+01   4.935213587151108E+02   3.915765252234199E+02   3.765072572110408E+02   3.514930139714253E+02
  1.805000000000000E+01   2.000000000000000E+01   5.024960235994478E+02   3.967810771004394E+02   3.810429038679595E+02   3.552037090916551E+02
  1.810000000000000E+01   2.000000000000000E+01   5.115717187345237E+02   4.020439019517794E+02   3.856248546939368E+02   3.589416303890975E+02
  1.815000000000000E+01   2.000000000000000E+01   5.207433017582870E+02   4.073684885940349E+02   3.902470779743092E+02   3.627034967793918E+02
  1.820000000000000E+01   2.000000000000000E+01   5.300032831810649E+02   4.127599655145410E+02   3.949052019398159E+02   3.664869284000276E+02
  1.825000000000000E+01   2.000000000000000E+01   5.393476884702012E+02   4.182040012446463E+02   3.995938158103733E+02   3.702872520606830E+02
  1.830000000000000E+01   2.000000000000000E+01   5.487683714354933E+02   4.236972678881307E+02   4.043085056630309E+02   3.741006987610691E+02
  1.834999999999999E+01   2.000000000000000E+01   5.582554299192100E+02   4.292333521176495E+02   4.090430406045656E+02   3.779245929770289E+02
  1.840000000000000E+01   2.000000000000000E+01   5.677970544258061E+02   4.348028912754943E+02   4.137926187480443E+02   3.817557745147661E+02
  1.845000000000000E+01   2.000000000000000E+01   5.773713648644223E+02   4.403928311311547E+02   4.185532666149610E+02   3.855907363274060E+02
  1.850000000000000E+01   2.000000000000000E+01   5.869860062565813E+02   4.459990080352744E+02   4.233202601586294E+02   3.894255377669178E+02
  1.855000000000000E+01   2.000000000000000E+01   5.966286018214257E+02   4.516139450051903E+02   4.280883341751671E+02   3.932581311026663E+02
  1.859999999999999E+01   2.000000000000001E+01   6.062923118290747E+02   4.572313130648012E+02   4.328576087945168E+02   3.970880703827708E+02
  1.865000000000000E+01   2.000000000000000E+01   6.159624873074350E+02   4.628497274414923E+02   4.376233601565185E+02   4.009143899387966E+02
  1.870000000000000E+01   3.543098327799723E+02   6.185754978859968E+02   4.680269635064599E+02   4.449760038425736E+02   4.048395472690459E+02
  1.874999999999999E+01   4.745732147389041E+02   6.152006526559327E+02   4.727059563551859E+02   4.541821682178179E+02   4.089605923342685E+02
  1.879999999999999E+01   5.611305057885425E+02   6.113367927294336E+02   4.771523453774229E+02   4.638129426100325E+02   4.133437589959451E+02
  1.884999999999999E+01   6.212510656946495E+02   6.089634850025628E+02   4.816066948248204E+02   4.733499086089885E+02   4.179693008597908E+02
  1.890000000000000E+01   6.649676011309180E+02   6.085996660876198E+02   4.862261839711911E+02   4.826553426103690E+02   4.227864315585842E+02
  1.895000000000000E+01   6.987013768166400E+02   6.101297104783797E+02   4.910833679506404E+02   4.917366601541049E+02   4.277449175422776E+02
  1.899999999999999E+01   7.262394556955496E+02   6.132343099820384E+02   4.962001017161723E+02   5.006348365185004E+02   4.328000526505387E+02
  1.904999999999999E+01   7.500504853734838E+02   6.175876547325088E+02   5.015617600957967E+02   5.093963562648920E+02   4.379211128592416E+02
  1.909999999999999E+01   7.711081293671634E+02   6.229037061945089E+02   5.071411031187977E+02   5.180512048594441E+02   4.430830289400719E+02
  1.914999999999999E+01   7.901985095231331E+02   6.289549252374815E+02   5.129056471204923E+02   5.266203723696160E+02   4.482669894929579E+02
  1.919999999999999E+01   8.078820462263502E+02   6.355682670272245E+02   5.188217531511276E+02   5.351206260139804E+02   4.534641763355693E+02
  1.924999999999999E+01   8.245250620409519E+02   6.426136400808514E+02   5.248586760240341E+02   5.435599655330478E+02   4.586648773411147E+02
  1.929999999999999E+01   8.403592105202824E+02   6.499912282159942E+02   5.309883695123764E+02   5.519461786399355E+02   4.638637059180671E+02
  1.934999999999999E+01   8.555405799907547E+02   6.576252647963096E+02   5.371855299483910E+02   5.602750175427109E+02   4.690507744511250E+02
  1.939999999999999E+01   8.701615696277119E+02   6.654551647819872E+02   5.434295259425775E+02   5.685442416617244E+02   4.742187635866297E+02
  1.944999999999999E+01   8.843117889859873E+02   6.734397341979119E+02   5.497214923163674E+02   5.767547660849282E+02   4.793622164045755E+02
  1.949999999999999E+01   8.980102228476908E+02   6.815400951451375E+02   5.561640503959306E+02   5.849013669898851E+02   4.844813503582483E+02
  1.954999999999999E+01   9.113148636120272E+02   6.897149571515084E+02   5.627198564057791E+02   5.929747277954530E+02   4.895750124652421E+02
  1.959999999999999E+01   9.242963950985843E+02   6.979567785284391E+02   5.693467338406917E+02   6.009820674960451E+02   4.946381014929929E+02
  1.964999999999999E+01   9.367516771086893E+02   7.062262688803519E+02   5.760162454554884E+02   6.089179721741228E+02   4.996631330887851E+02
  1.969999999999999E+01   9.487389139089044E+02   7.144848828246406E+02   5.827091791757831E+02   6.167716637983008E+02   5.046443862902530E+02
  1.974999999999999E+01   9.604248485675001E+02   7.226753048960047E+02   5.893281057644189E+02   6.245283999110222E+02   5.095770645492013E+02
  1.979999999999999E+01   9.718474341060770E+02   7.307969017721229E+02   5.959149315519536E+02   6.321830242072288E+02   5.144576296632969E+02
  1.984999999999999E+01   9.829329170773001E+02   7.388575707804511E+02   6.024669066595023E+02   6.397345920926382E+02   5.192834049296953E+02
  1.989999999999999E+01   9.935956571388813E+02   7.468202885490837E+02   6.089286713963473E+02   6.471892989895449E+02   5.240551260294686E+02
  1.994999999999999E+01   1.004015899936142E+03   7.546900245227437E+02   6.153397041004349E+02   6.545413546681223E+02   5.287727230769599E+02
  1.999999999999999E+01   1.014362098816664E+03   7.624637285483651E+02   6.216910074974262E+02   6.617925863097938E+02   5.334395230825725E+02
  2.004999999999999E+01   1.024287046079776E+03   7.685577046334739E+02   6.277844792343947E+02   6.692924385642641E+02   5.381630596102364E+02
  2.009999999999999E+01   1.032621607021569E+03   7.742697093062823E+02   6.336655369685739E+02   6.765054975154667E+02   5.429312358872027E+02
  2.014999999999999E+01   1.039953107713149E+03   7.800018954891515E+02   6.393963746456390E+02   6.833951254253695E+02   5.477023649473691E+02
  2.019999999999999E+01   1.046521257008485E+03   7.857873878446134E+02   6.450284265483023E+02   6.900198076817107E+02   5.524413516943147E+02
  2.024999999999999E+01   1.052538754680314E+03   7.915663268313532E+02   6.505876089627189E+02   6.964360833450007E+02   5.571336482908268E+02
  2.029999999999999E+01   1.058178641074872E+03   7.972822744279938E+02   6.560824003656087E+02   7.026806014307019E+02   5.617697481327343E+02
  2.034999999999999E+01   1.063641950849340E+03   8.029118839737663E+02   6.615144616685972E+02   7.087598957878673E+02   5.663344408621639E+02
  2.039999999999999E+01   1.068934409783727E+03   8.084398978626617E+02   6.668800470640106E+02   7.146816073226946E+02   5.708195126258488E+02
  2.044999999999999E+01   1.074068017704251E+03   8.138567342650617E+02   6.721740532526020E+02   7.204520028671297E+02   5.752212161483283E+02
  2.049999999999999E+01   1.079072149436893E+03   8.191551459832453E+02   6.773911805835180E+02   7.260662443277721E+02   5.795403340914154E+02
  2.054999999999999E+01   1.083964827722295E+03   8.243372546370244E+02   6.825273511299145E+02   7.315351637046015E+02   5.837751656551587E+02
  2.059999999999999E+01   1.088753010147109E+03   8.294050862620356E+02   6.875789086719295E+02   7.368659813391346E+02   5.879253106196169E+02
  2.064999999999999E+01   1.093446701360355E+03   8.343599269300416E+02   6.925406625011351E+02   7.420632438198522E+02   5.919902428776028E+02
  2.069999999999999E+01   1.098092530569420E+03   8.392010385851049E+02   6.974049278196876E+02   7.471287162145659E+02   5.959691411019434E+02
  2.074999999999999E+01   1.102656837245658E+03   8.439302157120928E+02   7.021678091390213E+02   7.520666204952958E+02   5.998620339356346E+02
  2.079999999999999E+01   1.107200679528779E+03   8.485412168116881E+02   7.068359772916131E+02   7.568744136366251E+02   6.036673456624831E+02
  2.084999999999999E+01   1.111626568206566E+03   8.530342291280203E+02   7.114193812042668E+02   7.615493526463002E+02   6.073923451897625E+02
  2.089999999999999E+01   1.115917521413888E+03   8.574023754701436E+02   7.159094844003858E+02   7.660755625766565E+02   6.110528100277958E+02
  2.094999999999999E+01   1.120075569378748E+03   8.616534544385719E+02   7.203026441125518E+02   7.704779063902661E+02   6.146410791224107E+02
  2.099999999999999E+01   1.124073085740896E+03   8.657772280638519E+02   7.245939566065475E+02   7.747580517178485E+02   6.181534466498692E+02
  2.104999999999999E+01   1.127908779748960E+03   8.697588539260422E+02   7.287081094792267E+02   7.789123071916365E+02   6.215876384053194E+02
  2.109999999999999E+01   1.131554813817150E+03   8.735753472204485E+02   7.326087065533587E+02   7.829319796910286E+02   6.249400933883394E+02
  2.114999999999998E+01   1.135071453496758E+03   8.772573774631618E+02   7.364075242726776E+02   7.868262655404729E+02   6.282098870828813E+02
  2.119999999999999E+01   1.138423166160233E+03   8.808017575817584E+02   7.400551875835473E+02   7.906006379527889E+02   6.313975761058128E+02
  2.124999999999999E+01   1.141628324711102E+03   8.842005836718490E+02   7.436013537180635E+02   7.942510517071802E+02   6.345034684839138E+02
  2.129999999999999E+01   1.144708216104135E+03   8.874622966932928E+02   7.470220592385944E+02   7.977759153143668E+02   6.375271045618078E+02
  2.134999999999999E+01   1.150758225679332E+03   8.913983415465295E+02   7.502424568124844E+02   8.014208308335521E+02   6.405368086746075E+02
  2.139999999999998E+01   1.161127358621853E+03   8.972855178812290E+02   7.536173849838463E+02   8.058601908888299E+02   6.436628350897885E+02
  2.144999999999999E+01   1.168179432934869E+03   9.028070836222154E+02   7.569779139285449E+02   8.103393635680948E+02   6.467952206147764E+02
  2.149999999999999E+01   1.173384680398342E+03   9.076849690474407E+02   7.602237901022910E+02   8.145267302837881E+02   6.498409197187593E+02
  2.154999999999998E+01   1.177227849244495E+03   9.118613032924177E+02   7.632877643345944E+02   8.182804600052773E+02   6.527397076384950E+02
  2.159999999999998E+01   1.179991697670896E+03   9.153768229648047E+02   7.661274775148693E+02   8.215682192551220E+02   6.554622190099871E+02
  2.164999999999998E+01   1.181840747468407E+03   9.182944976264916E+02   7.687186198939937E+02   8.244002169733426E+02   6.579924749814379E+02
  2.169999999999999E+01   1.182893555902585E+03   9.206740819338728E+02   7.710488362205617E+02   8.268053407522514E+02   6.603262191490945E+02
  2.174999999999999E+01   1.183249560560841E+03   9.225674280862565E+02   7.731156746379138E+02   8.288159257639441E+02   6.624654967504521E+02
  2.179999999999998E+01   1.182994710189145E+03   9.240193847075977E+02   7.749216345115320E+02   8.304629995436850E+02   6.644158338088198E+02
  2.184999999999998E+01   1.182198625612112E+03   9.250720182390489E+02   7.764733784594824E+02   8.317784447786596E+02   6.661851780660888E+02
  2.189999999999998E+01   1.180916111989672E+03   9.257605950389533E+02   7.777801364268465E+02   8.327905274910983E+02   6.677824670788850E+02
  2.194999999999998E+01   1.179195085939442E+03   9.261161915474351E+02   7.788512118322461E+02   8.335240832211034E+02   6.692165725836478E+02
  2.199999999999998E+01   1.177049124801972E+03   9.261608957371184E+02   7.796955838771597E+02   8.339966949655635E+02   6.704942625225632E+02
  2.204999999999998E+01   1.174345674861932E+03   9.258836604254385E+02   7.803180371455899E+02   8.342107687607788E+02   6.716200493069381E+02
  2.209999999999998E+01   1.171127236433919E+03   9.252864242666067E+02   7.807224872013329E+02   8.341702079966590E+02   6.725971275606107E+02
  2.214999999999998E+01   1.167154200416253E+03   9.243602457079789E+02   7.809119541598826E+02   8.338645681677070E+02   6.734251163817733E+02
  2.219999999999998E+01   1.162915797316687E+03   9.231558242979617E+02   7.808983899934548E+02   8.333132126537650E+02   6.741131523891602E+02
  2.224999999999998E+01   1.158628578557972E+03   9.217321969975701E+02   7.806955719096015E+02   8.325639511383181E+02   6.746709828213002E+02
  2.229999999999998E+01   1.154213750465874E+03   9.201138420331201E+02   7.803152038018787E+02   8.316400768055275E+02   6.751117946607798E+02
  2.234999999999998E+01   1.149749829719821E+03   9.183341299129868E+02   7.797695165564184E+02   8.305737502179882E+02   6.754460190741939E+02
  2.239999999999998E+01   1.145137893243465E+03   9.163866636233267E+02   7.790284192711655E+02   8.293740979077439E+02   6.756812451445483E+02
  2.244999999999998E+01   1.140179549799543E+03   9.141849760877224E+02   7.780996614096363E+02   8.280162036149738E+02   6.758184547401049E+02
  2.249999999999998E+01   1.135036828704257E+03   9.118077395655390E+02   7.769984391390079E+02   8.265124119652530E+02   6.758601469929816E+02
  2.254999999999998E+01   1.129938612320774E+03   9.093175134912007E+02   7.757505927829721E+02   8.248924673676454E+02   6.758128205992381E+02
  2.259999999999998E+01   1.124531878559090E+03   9.066577230311707E+02   7.742676716520679E+02   8.231474626483572E+02   6.756787837627930E+02
  2.264999999999998E+01   1.118912679521582E+03   9.038256826084248E+02   7.726607362916683E+02   8.212691720045819E+02   6.754580775367695E+02
  2.269999999999998E+01   1.112938969007862E+03   9.009721539927051E+02   7.710145763439633E+02   8.194743760054382E+02   6.752059976208304E+02
  2.274999999999998E+01   1.106655312034729E+03   8.979949377041535E+02   7.693384676153094E+02   8.176674490418875E+02   6.749301575912932E+02
  2.279999999999998E+01   1.100258359382573E+03   8.948581558817484E+02   7.676007207923797E+02   8.157120645975363E+02   6.745977455950518E+02
  2.284999999999998E+01   1.093764431784096E+03   8.915662239523449E+02   7.657732581784934E+02   8.135850758737357E+02   6.741852154992424E+02
  2.289999999999998E+01   1.086860146990484E+03   8.880879008068629E+02   7.638310164303057E+02   8.112750823349758E+02   6.736756179828224E+02
  2.294999999999998E+01   1.079952417514904E+03   8.844544121749532E+02   7.617605699670945E+02   8.088032580998652E+02   6.730628947396503E+02
  2.299999999999998E+01   1.073029319776094E+03   8.806910076187937E+02   7.595573620950167E+02   8.061931450464830E+02   6.723480037361959E+02
  2.304999999999998E+01   1.066056360166511E+03   8.768096414532088E+02   7.572253713478236E+02   8.034612140431075E+02   6.715335271786145E+02
  2.309999999999998E+01   1.059011493354954E+03   8.728156389924126E+02   7.547686028136210E+02   8.006168122166605E+02   6.706225392211222E+02
  2.314999999999998E+01   1.051881516070901E+03   8.687111699779136E+02   7.521916642975175E+02   7.976661019535281E+02   6.696187990165720E+02
  2.319999999999998E+01   1.044660285508929E+03   8.645002443974738E+02   7.494994698660049E+02   7.946128016636592E+02   6.685259708799824E+02
  2.324999999999998E+01   1.037342580343347E+03   8.601848882031696E+02   7.466957310092649E+02   7.914602149827748E+02   6.673473509120419E+02
  2.329999999999998E+01   1.029930243101782E+03   8.557671005812099E+02   7.437859883029980E+02   7.882116003041326E+02   6.660860804726218E+02
  2.334999999999998E+01   1.022412810488273E+03   8.512470278733772E+02   7.407742184142080E+02   7.848676570616092E+02   6.647437904027840E+02
  2.339999999999998E+01   1.014715969719948E+03   8.466052689332902E+02   7.376627485939109E+02   7.814210035374165E+02   6.633209338627462E+02
  2.344999999999999E+01   1.006865555691038E+03   8.418323437066653E+02   7.344495315562816E+02   7.778666005416680E+02   6.618184214481994E+02
  2.349999999999999E+01   9.988324485029686E+02   8.369266969510480E+02   7.311350844300852E+02   7.741980893193079E+02   6.602343988252608E+02
  2.354999999999999E+01   9.907983403708322E+02   8.319188153844977E+02   7.277289963194694E+02   7.704332713489734E+02   6.585722722456715E+02
  2.359999999999999E+01   9.827753228171833E+02   8.268367715134240E+02   7.242414242243824E+02   7.665942714016176E+02   6.568395622808711E+02
  2.364999999999999E+01   9.747174848999587E+02   8.216794940493735E+02   7.206785297669232E+02   7.626767744414385E+02   6.550503578295359E+02
  2.369999999999999E+01   9.666622282197928E+02   8.164623774204344E+02   7.170466447780724E+02   7.586923927192322E+02   6.532141112453992E+02
  2.374999999999999E+01   9.585642857955349E+02   8.111882781527770E+02   7.133272856973554E+02   7.546553494117709E+02   6.513316511057549E+02
  2.379999999999999E+01   9.503524303682175E+02   8.058175545945419E+02   7.094938270186669E+02   7.505544946879151E+02   6.494014623493091E+02
  2.384999999999999E+01   9.421124589324579E+02   8.003922971079197E+02   7.056068307914938E+02   7.463997761145699E+02   6.474240962146232E+02
  2.389999999999999E+01   9.339135692017165E+02   7.949485649322277E+02   7.016839008376845E+02   7.422124478309714E+02   6.454040100680219E+02
  2.394999999999999E+01   9.256232784769994E+02   7.894598233595641E+02   6.976851684756085E+02   7.379897085653812E+02   6.433433193616092E+02
  2.399999999999999E+01   9.172794383347889E+02   7.839253168145755E+02   6.936517504581050E+02   7.337283627722679E+02   6.412425049549394E+02
  2.404999999999999E+01   9.090074331457869E+02   7.783747498066233E+02   6.896051953481870E+02   7.294121420443541E+02   6.391070890142270E+02
  2.409999999999999E+01   9.007050817044060E+02   7.728138463283705E+02   6.855449939877046E+02   7.250649610135920E+02   6.369388699848352E+02
  2.415000000000000E+01   8.924362644979269E+02   7.672508354308982E+02   6.814712437161775E+02   7.207142199200630E+02   6.347452499115643E+02
  2.420000000000000E+01   8.841949093899289E+02   7.616908460756910E+02   6.773853683552962E+02   7.163645736295396E+02   6.325264395705817E+02
  2.425000000000000E+01   8.759506743047127E+02   7.561276770570533E+02   6.732874194251384E+02   7.120129207237628E+02   6.302825466618289E+02
  2.430000000000000E+01   8.677861213419160E+02   7.505731207329945E+02   6.691809778053071E+02   7.076675088061108E+02   6.280160462376355E+02
  2.435000000000000E+01   8.596770762494458E+02   7.450342869045411E+02   6.650705814674238E+02   7.033360752178914E+02   6.257317455679438E+02
  2.440000000000000E+01   8.516120717223309E+02   7.395187733937223E+02   6.609603989213733E+02   6.990196077237026E+02   6.234332688193700E+02
  2.445000000000000E+01   8.435911620967158E+02   7.340239468447328E+02   6.568530426962598E+02   6.947157001619668E+02   6.211217673367225E+02
  2.450000000000000E+01   8.356138463201546E+02   7.285454857960342E+02   6.527500261238899E+02   6.904291215727769E+02   6.187980774087674E+02
  2.455000000000000E+01   8.276810634501011E+02   7.230899448497437E+02   6.486530955115521E+02   6.861568291509717E+02   6.164635182595146E+02
  2.460000000000000E+01   8.197933955261956E+02   7.176592505177995E+02   6.445628986502524E+02   6.818980399437862E+02   6.141189127887451E+02
  2.465000000000000E+01   8.119522692482458E+02   7.122531830335969E+02   6.404794969389013E+02   6.776527770935921E+02   6.117649865694027E+02
  2.470000000000000E+01   8.041606167933741E+02   7.068700461043742E+02   6.364032441105282E+02   6.734204539228074E+02   6.094018458884639E+02
  2.475000000000000E+01   7.964203958703345E+02   7.015135747135150E+02   6.323353995085620E+02   6.692020411247727E+02   6.070293272181425E+02
  2.480000000000000E+01   7.887393779995888E+02   6.961817182023805E+02   6.282771204265786E+02   6.649967404011068E+02   6.046475727255325E+02
  2.485000000000000E+01   7.811219604738153E+02   6.908751062237598E+02   6.242286374666464E+02   6.608042795622675E+02   6.022563237013123E+02
  2.490000000000001E+01   7.735620604835867E+02   6.856016441786608E+02   6.202036937150532E+02   6.566294161199828E+02   5.998569225276318E+02
  2.495000000000001E+01   7.660520710711792E+02   6.803612449007242E+02   6.162178553283846E+02   6.524747304471157E+02   5.974512678301153E+02
  2.500000000000001E+01   7.585974933577832E+02   6.751534818595073E+02   6.122752109719370E+02   6.483408249561240E+02   5.950413726741504E+02
  2.505000000000001E+01   7.512062546699897E+02   6.699813671878679E+02   6.083634091096218E+02   6.442309891888934E+02   5.926300636520427E+02
  2.510000000000001E+01   7.438833576984341E+02   6.648464341507199E+02   6.044754625385181E+02   6.401466731457133E+02   5.902176295174040E+02
  2.515000000000001E+01   7.366357867133318E+02   6.597491312807301E+02   6.006090054158816E+02   6.360870467522693E+02   5.878043138562080E+02
  2.520000000000001E+01   7.294739181166058E+02   6.546976937369975E+02   5.967637307691566E+02   6.320560893780430E+02   5.853910281838888E+02
  2.525000000000001E+01   7.224016103556407E+02   6.496956340433904E+02   5.929418964442818E+02   6.280556457994239E+02   5.829795376877410E+02
  2.530000000000001E+01   7.154186210829218E+02   6.447394242967378E+02   5.891410989582192E+02   6.240861981948522E+02   5.805711256270210E+02
  2.535000000000001E+01   7.085316967171719E+02   6.398345755016396E+02   5.853613288397313E+02   6.201518142999322E+02   5.781669519852696E+02
  2.540000000000001E+01   7.017377834927271E+02   6.349860434579716E+02   5.816055748965287E+02   6.162598006414479E+02   5.757688176219606E+02
  2.545000000000001E+01   6.950468347439069E+02   6.301939400851668E+02   5.778759414218763E+02   6.124092930309762E+02   5.733789625714401E+02
  2.550000000000001E+01   6.884588814622134E+02   6.254617431484480E+02   5.741746311651300E+02   6.086025697473528E+02   5.710011731718396E+02
  2.555000000000001E+01   6.819731280504943E+02   6.207899877559061E+02   5.705030416639647E+02   6.048385945591585E+02   5.686358572425304E+02
  2.560000000000002E+01   6.755908353483687E+02   6.161790719248470E+02   5.668621885500759E+02   6.011175552080429E+02   5.662837357091126E+02
  2.565000000000002E+01   6.693096119557961E+02   6.116308479162248E+02   5.632538433677073E+02   5.974412139863178E+02   5.639460158904319E+02
  2.570000000000002E+01   6.631296086963805E+02   6.071461564776549E+02   5.596795218206435E+02   5.938107938052261E+02   5.616241143281127E+02
  2.575000000000002E+01   6.570522990262392E+02   6.027247683435751E+02   5.561403633696943E+02   5.902266593680515E+02   5.593191922080576E+02
  2.580000000000002E+01   6.510792419674996E+02   5.983658637632400E+02   5.526371505796212E+02   5.866872543209153E+02   5.570317492493764E+02
  2.585000000000002E+01   6.452108317781042E+02   5.940714275829289E+02   5.491709356905567E+02   5.831933070477805E+02   5.547627087983975E+02
  2.590000000000002E+01   6.394473923925646E+02   5.898421563556495E+02   5.457424409733211E+02   5.797464373745624E+02   5.525125929249868E+02
  2.595000000000002E+01   6.337888012143000E+02   5.856780454668508E+02   5.423520103681930E+02   5.763475191287482E+02   5.502818456193243E+02
  2.600000000000002E+01   6.282343276180325E+02   5.815782412999069E+02   5.389994288934899E+02   5.729972999403451E+02   5.480710793292446E+02
