  1.510000000000000E+01   2.000000000000000E+01   2.143259797224865E+02   2.102073865753316E+02   2.197521155180712E+02   2.189270459096333E+02
  1.520000000000000E+01   2.000000000000000E+01   2.180040313973193E+02   2.132744138422976E+02   2.224183343778348E+02   2.214565391173507E+02
  1.530000000000000E+01   2.000000000000000E+01   2.219214370549726E+02   2.165140439417220E+02   2.252176017305594E+02   2.240898314043590E+02
  1.540000000000000E+01   2.000000000000000E+01   2.260993428811431E+02   2.199352420524566E+02   2.281549352180005E+02   2.268308501149028E+02
  1.550000000000000E+01   2.000000000000000E+01   2.305582462314551E+02   2.235464265166153E+02   2.312356375427183E+02   2.296829043972335E+02
  1.560000000000000E+01   2.000000000000000E+01   2.353174729968393E+02   2.273558668692841E+02   2.344660859756439E+02   2.326495645110715E+02
  1.570000000000000E+01   2.000000000000000E+01   2.403964655845466E+02   2.313714241676425E+02   2.378523068825789E+02   2.357336400063098E+02
  1.580000000000000E+01   2.000000000000000E+01   2.458142670817774E+02   2.355998322292452E+02   2.413999732260255E+02   2.389370903824422E+02
  1.590000000000000E+01   2.000000000000000E+01   2.515900264139988E+02   2.400472564036422E+02   2.451145317765219E+02   2.422615362087215E+02
  1.600000000000000E+01   2.000000000000000E+01   2.577425544233439E+02   2.447192536114823E+02   2.490014790595982E+02   2.457086049479691E+02
  1.610000000000000E+01   2.000000000000000E+01   2.639930783866846E+02   2.496285648973415E+02   2.532649902891365E+02   2.492552129534177E+02
  1.620000000000000E+01   2.000000000000000E+01   2.704431344150793E+02   2.547400765761219E+02   2.577753130563344E+02   2.529363785029091E+02
  1.630000000000000E+01   2.000000000000001E+01   2.772919045605369E+02   2.600486716059855E+02   2.624731864035338E+02   2.567804910227838E+02
  1.640000000000000E+01   2.000000000000000E+01   2.846473055820840E+02   2.655790224841812E+02   2.673649370569539E+02   2.607993447752457E+02
  1.650000000000000E+01   2.000000000000000E+01   2.925494648304473E+02   2.713591522999935E+02   2.724711204315460E+02   2.649952282782315E+02
  1.660000000000000E+01   2.000000000000000E+01   3.010116572638188E+02   2.774095183645861E+02   2.778072392301161E+02   2.693661010380561E+02
  1.670000000000000E+01   2.000000000000000E+01   3.100384869078516E+02   2.837413073076551E+02   2.833815178599496E+02   2.739077935498501E+02
  1.680000000000000E+01   2.000000000000000E+01   3.196292109420743E+02   2.903578366750423E+02   2.891970926685070E+02   2.786152820340628E+02
  1.690000000000000E+01   2.000000000000000E+01   3.297803567481105E+02   2.972538429108402E+02   2.952551324539315E+02   2.834837239597265E+02
  1.700000000000000E+01   2.000000000000000E+01   3.404971644027911E+02   3.044257828135394E+02   3.015535636200721E+02   2.885074654858815E+02
  1.710000000000000E+01   2.000000000000000E+01   3.517814004435983E+02   3.118752570244327E+02   3.080870529762106E+02   2.936798455563090E+02
  1.720000000000000E+01   2.000000000000000E+01   3.636231112321814E+02   3.195942320967891E+02   3.148498608854769E+02   2.989931753602973E+02
  1.730000000000000E+01   2.000000000000000E+01   3.760006266709108E+02   3.275698840782617E+02   3.218351946166522E+02   3.044395957375584E+02
  1.740000000000000E+01   2.000000000000000E+01   3.900026373043517E+02   3.353781570179954E+02   3.282937268853826E+02   3.101967610075080E+02
  1.750000000000000E+01   2.000000000000000E+01   4.055645618911282E+02   3.433026626412138E+02   3.348104355227783E+02   3.163137088920338E+02
  1.760000000000000E+01   2.000000000000000E+01   4.217758637433885E+02   3.516924167122598E+02   3.419352001202687E+02   3.227495836035199E+02
  1.770000000000000E+01   2.000000000000000E+01   4.382929475826373E+02   3.606014694138440E+02   3.496601527554192E+02   3.294503754644574E+02
  1.780000000000000E+01   2.000000000000000E+01   4.551102289413433E+02   3.699848827654482E+02   3.578552231331838E+02   3.363719011174372E+02
  1.790000000000000E+01   2.000000000000000E+01   4.722792501390073E+02   3.797743062553808E+02   3.664086500466508E+02   3.434793836218313E+02
  1.800000000000000E+01   2.000000000000000E+01   4.898233010583311E+02   3.899036336177797E+02   3.752416679486856E+02   3.507440814070187E+02
  1.810000000000000E+01   2.000000000000000E+01   5.077227440980893E+02   4.003089818604996E+02   3.842896140109979E+02   3.581350429294754E+02
  1.820000000000000E+01   2.000000000000000E+01   5.259971896490033E+02   4.109323916217066E+02   3.935019588055628E+02   3.656243618089489E+02
  1.830000000000000E+01   2.000000000000000E+01   5.446030151859090E+02   4.217823364273017E+02   4.028391555965231E+02   3.731886696393764E+02
  1.840000000000000E+01   2.000000000000000E+01   5.634780100301891E+02   4.328078926497501E+02   4.122661641974034E+02   3.807989293274302E+02
  1.850000000000000E+01   2.000000000000000E+01   5.825204447867164E+02   4.439451424716116E+02   4.217431331986284E+02   3.884301155515120E+02
  1.860000000000000E+01   2.000000000000000E+01   6.016751033008481E+02   4.551336004819788E+02   4.312332048274396E+02   3.960565696087560E+02
  1.870000000000000E+01   3.963672121586878E+02   6.124325082396724E+02   4.655292635044545E+02   4.444367694584370E+02   4.040110771079801E+02
  1.880000000000000E+01   5.442173315706420E+02   6.074588142630433E+02   4.746281743321824E+02   4.631166600061301E+02   4.127121914328073E+02
  1.890000000000000E+01   6.431582917716953E+02   6.060055557008129E+02   4.838989677483929E+02   4.815050274765662E+02   4.221038601355691E+02
  1.900000000000000E+01   7.074059642724440E+02   6.106778908337606E+02   4.939810008001419E+02   4.990889516511887E+02   4.319489299918768E+02
  1.910000000000000E+01   7.547623245187185E+02   6.199956404233970E+02   5.049177590029991E+02   5.161537935279620E+02   4.420490730174926E+02
  1.920000000000000E+01   7.937645236642277E+02   6.323040961643508E+02   5.165334439698074E+02   5.329173910798290E+02   4.522670780601130E+02
  1.930000000000000E+01   8.278569728944217E+02   6.464537182031528E+02   5.286214457896074E+02   5.494924230410996E+02   4.625290890242472E+02
  1.940000000000000E+01   8.587270455909904E+02   6.617108902889956E+02   5.409946716555354E+02   5.658963614591665E+02   4.727783200013776E+02
  1.950000000000000E+01   8.873763365622973E+02   6.776292306358325E+02   5.535080160188220E+02   5.821037891626097E+02   4.829560021537341E+02
  1.960000000000000E+01   9.143031365126092E+02   6.939134615260003E+02   5.663945644183683E+02   5.980718849783865E+02   4.930343662112508E+02
  1.970000000000000E+01   9.397632867966317E+02   7.103608380750422E+02   5.795647071972498E+02   6.137748808759206E+02   5.029889934824325E+02
  1.980000000000000E+01   9.633100904449966E+02   7.266854901460010E+02   5.927332295833772E+02   6.291435685801125E+02   5.127696914513664E+02
  1.990000000000000E+01   9.857435197024522E+02   7.427505006166923E+02   6.057204038868011E+02   6.441317711440606E+02   5.223477918380405E+02
  2.000000000000000E+01   1.006666785601987E+03   7.584427975308254E+02   6.184610137734561E+02   6.587191798865363E+02   5.317103227900104E+02
  2.010000000000000E+01   1.025071483120692E+03   7.702186059021990E+02   6.302736367611542E+02   6.732405334241573E+02   5.411981380104505E+02
  2.020000000000000E+01   1.039305762446907E+03   7.817069319686555E+02   6.415653936874893E+02   6.867021614079381E+02   5.506407101831055E+02
  2.030000000000000E+01   1.051429399737981E+03   7.931419740344600E+02   6.525799142297715E+02   6.992880020448821E+02   5.598568343146972E+02
  2.040000000000000E+01   1.062378000231459E+03   8.042899762249219E+02   6.633528064205557E+02   7.112379269321443E+02   5.688201892166861E+02
  2.050000000000000E+01   1.072770890508489E+03   8.150548929593580E+02   6.738599016773811E+02   7.226229127484476E+02   5.774860805329741E+02
  2.059999999999999E+01   1.082745944284757E+03   8.253996788497327E+02   6.840662610401494E+02   7.334692046023592E+02   5.858457180637554E+02
  2.070000000000000E+01   1.092336385312663E+03   8.353093051388837E+02   6.939369368903654E+02   7.437988652626277E+02   5.938875441830974E+02
  2.080000000000000E+01   1.101633503065329E+03   8.447688769025575E+02   7.034193595860274E+02   7.536256148429075E+02   6.016000077624877E+02
  2.090000000000000E+01   1.110563811246800E+03   8.537837830112348E+02   7.125259015132470E+02   7.629715965688997E+02   6.089839230671469E+02
  2.099999999999999E+01   1.118921616118614E+03   8.623034335550121E+02   7.212688671910175E+02   7.717844069757610E+02   6.160919373432805E+02
  2.109999999999999E+01   1.126776517049583E+03   8.703272146330143E+02   7.295465011711373E+02   7.800955603946994E+02   6.229111116493480E+02
  2.120000000000000E+01   1.133975619267302E+03   8.777770026745352E+02   7.371394006029672E+02   7.879083872966378E+02   6.294178476305876E+02
  2.129999999999999E+01   1.140565895933004E+03   8.846608236619542E+02   7.442210403749159E+02   7.952306550684555E+02   6.356032676989167E+02
  2.139999999999999E+01   1.156884421042974E+03   8.940331222567033E+02   7.510202524711840E+02   8.030558175803289E+02   6.417933337038098E+02
  2.149999999999999E+01   1.169917202284059E+03   9.041249664033461E+02   7.575326398675899E+02   8.113506714409857E+02   6.478828218319954E+02
  2.159999999999999E+01   1.177061333649473E+03   9.118983503183013E+02   7.633861880711468E+02   8.183562897951892E+02   6.534495543110802E+02
  2.169999999999999E+01   1.180442594612495E+03   9.174464693761859E+02   7.683323908338339E+02   8.237670577259532E+02   6.583289024813677E+02
  2.179999999999999E+01   1.181021268400541E+03   9.211058649834822E+02   7.722996660036870E+02   8.276905668049069E+02   6.624922023991720E+02
  2.189999999999999E+01   1.179386345398553E+03   9.231825028221559E+02   7.753045670215780E+02   8.303144643050962E+02   6.659686279902349E+02
  2.199999999999999E+01   1.175933286517377E+03   9.239130098289520E+02   7.774044235002707E+02   8.318153589074452E+02   6.688077570030146E+02
  2.209999999999999E+01   1.170486347927704E+03   9.233624680893984E+02   7.786348955404857E+02   8.322709811075038E+02   6.710450917821279E+02
  2.219999999999999E+01   1.162891866687266E+03   9.215926754450813E+02   7.790384507786308E+02   8.317220348648367E+02   6.727024709972861E+02
  2.229999999999999E+01   1.154473516544335E+03   9.188922920462282E+02   7.786936712490360E+02   8.303545463286878E+02   6.738463678881901E+02
  2.239999999999999E+01   1.145550534972533E+03   9.154417387614410E+02   7.776391863527801E+02   8.283394947866220E+02   6.745573261424066E+02
  2.249999999999999E+01   1.135663722647387E+03   9.111208549934089E+02   7.758606879336875E+02   8.256881368794086E+02   6.748641703130140E+02
  2.259999999999999E+01   1.125382971247631E+03   9.062191927417725E+02   7.734030847143412E+02   8.225298436971187E+02   6.748072706835134E+02
  2.269999999999999E+01   1.114063167225791E+03   9.008668610149412E+02   7.704275119347961E+02   8.191343440282653E+02   6.744849362088028E+02
  2.279999999999999E+01   1.101735813806083E+03   8.950234313830299E+02   7.672162300497451E+02   8.155552076176208E+02   6.739754965151974E+02
  2.289999999999999E+01   1.088690650591320E+03   8.885018067854149E+02   7.635951966329915E+02   8.113317181036222E+02   6.731405267991170E+02
  2.299999999999999E+01   1.074988338183698E+03   8.813257568915117E+02   7.594709726120916E+02   8.064565338459038E+02   6.719089538466919E+02
  2.309999999999999E+01   1.061054874395161E+03   8.736192615186111E+02   7.548300108803163E+02   8.010444580305323E+02   6.702815028792082E+02
  2.319999999999999E+01   1.046803518668177E+03   8.654469759907597E+02   7.497041537992893E+02   7.951755595947192E+02   6.682803103443637E+02
  2.329999999999999E+01   1.032194078361849E+03   8.568457604117143E+02   7.441285161976627E+02   7.888976377012619E+02   6.659332469387634E+02
  2.339999999999998E+01   1.017133415110543E+03   8.478161313402932E+02   7.381351016510092E+02   7.822234777323288E+02   6.632581808914210E+02
  2.349999999999999E+01   1.001453851753167E+03   8.382929377265774E+02   7.317341781834423E+02   7.751268190013166E+02   6.602609926372597E+02
  2.359999999999999E+01   9.854788956881420E+02   8.283656308628327E+02   7.249700666885888E+02   7.676588924121586E+02   6.569614222177509E+02
  2.369999999999999E+01   9.694555573091449E+02   8.181512256752025E+02   7.179008555895484E+02   7.599158676470504E+02   6.534106805257766E+02
  2.379999999999998E+01   9.532600880077742E+02   8.076266605306710E+02   7.104714970466445E+02   7.518861841939013E+02   6.496715350893987E+02
  2.389999999999998E+01   9.369139406627969E+02   7.968783201172014E+02   7.027816903942115E+02   7.436487629347207E+02   6.457495371262804E+02
  2.399999999999999E+01   9.204251891914514E+02   7.859442048148507E+02   6.948517734838907E+02   7.352406972243084E+02   6.416564835244940E+02
  2.409999999999998E+01   9.039625385221052E+02   7.749305788187768E+02   6.868325272484558E+02   7.266630401896836E+02   6.374230930009035E+02
  2.419999999999998E+01   8.875420220031299E+02   7.638952354906123E+02   6.787581864579835E+02   7.180298908735574E+02   6.330706995557165E+02
  2.429999999999998E+01   8.711673657359415E+02   7.528424406860454E+02   6.706272796985304E+02   7.093839108138732E+02   6.286199515475499E+02
  2.439999999999998E+01   8.550210293354501E+02   7.418360458291728E+02   6.624670270923850E+02   7.007651393564817E+02   6.240852635366775E+02
  2.449999999999998E+01   8.390482215992542E+02   7.308980062007831E+02   6.543021409571928E+02   6.921948660601282E+02   6.194912676897541E+02
  2.459999999999998E+01   8.232511478175160E+02   7.200317673125066E+02   6.461484588450154E+02   6.836791261562724E+02   6.148466274361308E+02
  2.469999999999998E+01   8.076336609720370E+02   7.092564043206028E+02   6.380155501829367E+02   6.752168626900318E+02   6.101596126345930E+02
  2.479999999999998E+01   7.922165280739196E+02   6.985693341807365E+02   6.299049348814858E+02   6.668025629875119E+02   6.054325135791089E+02
  2.489999999999998E+01   7.770301700452879E+02   6.879916410704404E+02   6.218318797011515E+02   6.584461053160686E+02   6.006684424987398E+02
  2.499999999999998E+01   7.620721212010073E+02   6.775421828810474E+02   6.138384092795831E+02   6.501644289644823E+02   5.958782403791026E+02
  2.509999999999998E+01   7.473489018960091E+02   6.672300876377294E+02   6.060106662665169E+02   6.419711772996524E+02   5.910758786821561E+02
  2.519999999999998E+01   7.329071294253505E+02   6.570669215806238E+02   5.982874655445456E+02   6.338763559622578E+02   5.862696448069703E+02
  2.529999999999998E+01   7.187997779523392E+02   6.470873749303166E+02   5.906612779964770E+02   6.259012137152700E+02   5.814686848095412E+02
  2.539999999999998E+01   7.050526599460734E+02   6.373019916430605E+02   5.831261533559630E+02   6.180624132220734E+02   5.766824593400507E+02
  2.549999999999998E+01   6.916977018426700E+02   6.277402540978759E+02   5.756956219172312E+02   6.103817745079717E+02   5.719245338218229E+02
  2.559999999999998E+01   6.787478560598671E+02   6.184155809835579E+02   5.683808417879023E+02   6.028704851785753E+02   5.672145381876890E+02
  2.569999999999998E+01   6.662063058088088E+02   6.093355561045506E+02   5.611924621746343E+02   5.955339358294374E+02   5.625590514272596E+02
  2.579999999999998E+01   6.540732418439272E+02   6.005068471345184E+02   5.541402278776892E+02   5.883791140233766E+02   5.579666275199038E+02
  2.589999999999998E+01   6.423535550454328E+02   5.919301488655401E+02   5.472313199448802E+02   5.814058481025320E+02   5.534437847536246E+02
  2.599999999999998E+01   6.310491623181036E+02   5.836114294804266E+02   5.404716109892812E+02   5.746193375488288E+02   5.489964782184421E+02
