  3.510000000000000E+01   3.699441985324844E+02   3.622154342299856E+02   3.360930974219937E+02   3.812706991706988E+02   3.921803574357544E+02
  3.520000000000000E+01   3.693609656399895E+02   3.616422644539967E+02   3.355407558747971E+02   3.806962246355579E+02   3.916041136394780E+02
  3.530000000000000E+01   3.687856608268042E+02   3.610770748928646E+02   3.349968895644259E+02   3.801289731417921E+02   3.910345890297274E+02
  3.540000000000000E+01   3.682180621078260E+02   3.605196423769730E+02   3.344612588093044E+02   3.795687481859124E+02   3.904716033203288E+02
  3.550000000000000E+01   3.676579354878860E+02   3.599697284424392E+02   3.339336267157098E+02   3.790153282895066E+02   3.899149717793841E+02
  3.560000000000000E+01   3.671050648284398E+02   3.594271238436454E+02   3.334137672268737E+02   3.784685331296832E+02   3.893645295511959E+02
  3.570000000000000E+01   3.665592600502450E+02   3.588916376993730E+02   3.329014661359944E+02   3.779282006179122E+02   3.888201265206884E+02
  3.580000000000000E+01   3.660203222201454E+02   3.583630666693285E+02   3.323965150342076E+02   3.773941440640731E+02   3.882816041013981E+02
  3.590000000000000E+01   3.654880668474971E+02   3.578412239705290E+02   3.318987135974541E+02   3.768661979091218E+02   3.877488094251268E+02
  3.600000000000000E+01   3.649623144685200E+02   3.573259356710012E+02   3.314078698695449E+02   3.763442138538416E+02   3.872216026067265E+02
  3.610000000000000E+01   3.644428915483914E+02   3.568170285780955E+02   3.309237988296874E+02   3.758280385583760E+02   3.866998443845955E+02
  3.620000000000000E+01   3.639296358003414E+02   3.563143365515716E+02   3.304463218980771E+02   3.753175244104525E+02   3.861834007653073E+02
  3.630000000000000E+01   3.634223849766442E+02   3.558176956184761E+02   3.299752659823367E+02   3.748125208428856E+02   3.856721303557450E+02
  3.640000000000000E+01   3.629209818400731E+02   3.553269455038928E+02   3.295104633141170E+02   3.743128784862954E+02   3.851658880286351E+02
  3.650000000000000E+01   3.624252763450348E+02   3.548419351221806E+02   3.290517520948791E+02   3.738184660173853E+02   3.846645599507332E+02
  3.660000000000000E+01   3.619351206197180E+02   3.543625182987144E+02   3.285989759377562E+02   3.733291550757235E+02   3.841680316500599E+02
  3.670000000000000E+01   3.614503757697095E+02   3.538885550006797E+02   3.281519838865815E+02   3.728448221009290E+02   3.836761916081376E+02
  3.680000000000000E+01   3.609709078090482E+02   3.534199094868849E+02   3.277106301170465E+02   3.723653463914463E+02   3.831889292756442E+02
  3.690000000000000E+01   3.604965848110593E+02   3.529564494397985E+02   3.272747734922712E+02   3.718906095443941E+02   3.827061356523018E+02
  3.700000000000000E+01   3.600272802540593E+02   3.524980467227028E+02   3.268442774368083E+02   3.714204959202974E+02   3.822277034982309E+02
  3.710000000000000E+01   3.595628722516652E+02   3.520445777378984E+02   3.264190098315046E+02   3.709548948689052E+02   3.817535304852812E+02
  3.720000000000000E+01   3.591032412299097E+02   3.515959229185430E+02   3.259988417014421E+02   3.704937009863804E+02   3.812835154017941E+02
  3.730000000000000E+01   3.586482716349138E+02   3.511519648980866E+02   3.255836483692885E+02   3.700368076393576E+02   3.808175620358892E+02
  3.740000000000000E+01   3.581978515212547E+02   3.507125903826571E+02   3.251733095641370E+02   3.695841125235317E+02   3.803555772366554E+02
  3.750000000000000E+01   3.577518724664479E+02   3.502776900772743E+02   3.247677086951850E+02   3.691355177001736E+02   3.798974706240716E+02
  3.760000000000000E+01   3.573102291583664E+02   3.498471583342531E+02   3.243667325625049E+02   3.686909288318502E+02   3.794431542203467E+02
  3.770000000000000E+01   3.568728198948919E+02   3.494208920532929E+02   3.239702718456283E+02   3.682502521711568E+02   3.789925424400820E+02
  3.780000000000000E+01   3.564395451365652E+02   3.489987911155962E+02   3.235782205506162E+02   3.678133972737376E+02   3.785455516518991E+02
  3.790000000000000E+01   3.560103080196604E+02   3.485807584930417E+02   3.231904759474816E+02   3.673802761860175E+02   3.781020999903664E+02
  3.800000000000000E+01   3.555850155395783E+02   3.481667003354384E+02   3.228069384457853E+02   3.669508039538780E+02   3.776621084980072E+02
  3.810000000000000E+01   3.551635766633793E+02   3.477565248066351E+02   3.224275111905152E+02   3.665248971824811E+02   3.772255006069856E+02
  3.820000000000000E+01   3.547459037166713E+02   3.473501433618630E+02   3.220521002608981E+02   3.661024754678915E+02   3.767922008264238E+02
  3.830000000000000E+01   3.543319117543311E+02   3.469474702914742E+02   3.216806146000632E+02   3.656834609407478E+02   3.763621361292589E+02
  3.840000000000000E+01   3.539215185571016E+02   3.465484225284119E+02   3.213129658830828E+02   3.652677782326250E+02   3.759352359547052E+02
  3.850000000000000E+01   3.535146446372306E+02   3.461529197251953E+02   3.209490685169184E+02   3.648553546326714E+02   3.755114323572615E+02
  3.860000000000000E+01   3.531112125162295E+02   3.457608838514274E+02   3.205888394663347E+02   3.644461195185258E+02   3.750906591687678E+02
  3.870000000000000E+01   3.527111466316060E+02   3.453722388186712E+02   3.202321980623358E+02   3.640400035155176E+02   3.746728514394695E+02
  3.880000000000000E+01   3.523143738362222E+02   3.449869107160209E+02   3.198790659558907E+02   3.636369392485591E+02   3.742579461468966E+02
  3.890000000000001E+01   3.519208231049522E+02   3.446048276798250E+02   3.195293670010007E+02   3.632368611122262E+02   3.738458821573004E+02
  3.900000000000000E+01   3.515304253515301E+02   3.442259200532043E+02   3.191830272076271E+02   3.628397059907965E+02   3.734366001501271E+02
  3.910000000000000E+01   3.511431133663312E+02   3.438501201390535E+02   3.188399746834259E+02   3.624454123260765E+02   3.730300421688830E+02
  3.920000000000000E+01   3.507588220128512E+02   3.434773621942064E+02   3.185001395795547E+02   3.620539203130319E+02   3.726261521331935E+02
  3.930000000000000E+01   3.503774881321626E+02   3.431075823289168E+02   3.181634540301180E+02   3.616651717426357E+02   3.722248756758486E+02
  3.940000000000000E+01   3.499990503654645E+02   3.427407185770093E+02   3.178298520849101E+02   3.612791104432350E+02   3.718261599283379E+02
  3.950000000000000E+01   3.496234490628698E+02   3.423767107376844E+02   3.174992696706935E+02   3.608956816849920E+02   3.714299535054827E+02
  3.960000000000000E+01   3.492506260229529E+02   3.420155001367922E+02   3.171716445010853E+02   3.605148320225770E+02   3.710362062614452E+02
  3.970000000000000E+01   3.488805243993346E+02   3.416570295249971E+02   3.168469159506822E+02   3.601365091751682E+02   3.706448690727856E+02
  3.980000000000000E+01   3.485130891866648E+02   3.413012433501568E+02   3.165250250510272E+02   3.597606625019346E+02   3.702558942588761E+02
  3.990000000000000E+01   3.481482667383573E+02   3.409480875062463E+02   3.162059144209068E+02   3.593872426384164E+02   3.698692354300165E+02
  4.000000000000000E+01   3.477860049548684E+02   3.405975093676241E+02   3.158895282447022E+02   3.590162015655500E+02   3.694848475110548E+02
  4.009999999999999E+01   3.474262530814848E+02   3.402494576736794E+02   3.155758121319644E+02   3.586474924791585E+02   3.691026865432589E+02
  4.020000000000000E+01   3.470689615539793E+02   3.399038824099852E+02   3.152647130288792E+02   3.582810696943029E+02   3.687227095229860E+02
  4.030000000000000E+01   3.467140819165899E+02   3.395607346664277E+02   3.149561790539025E+02   3.579168885288743E+02   3.683448743583115E+02
  4.040000000000000E+01   3.463615667258881E+02   3.392199665172519E+02   3.146501593336106E+02   3.575549052067836E+02   3.679691398117897E+02
  4.050000000000000E+01   3.460113692601551E+02   3.388815308107269E+02   3.143466038192827E+02   3.571950766578736E+02   3.675954652279553E+02
  4.059999999999999E+01   3.456634434384813E+02   3.385453810043447E+02   3.140454631176380E+02   3.568373602607552E+02   3.672238104229493E+02
  4.070000000000000E+01   3.453177437246779E+02   3.382114710337927E+02   3.137466883273619E+02   3.564817138403724E+02   3.668541355889009E+02
  4.080000000000000E+01   3.449742249363212E+02   3.378797551688893E+02   3.134502308933151E+02   3.561280955006943E+02   3.664864011482662E+02
  4.089999999999999E+01   3.446328420945079E+02   3.375501878726898E+02   3.131560424610379E+02   3.557764634786724E+02   3.661205675570692E+02
  4.099999999999999E+01   3.442935502987341E+02   3.372227236811656E+02   3.128640747543465E+02   3.554267760289895E+02   3.657565952223603E+02
  4.109999999999999E+01   3.439563046050226E+02   3.368973170682523E+02   3.125742794680705E+02   3.550789912315525E+02   3.653944443787775E+02
  4.120000000000000E+01   3.436210599084247E+02   3.365739223281256E+02   3.122866081716892E+02   3.547330669429799E+02   3.650340749578245E+02
  4.130000000000000E+01   3.432877708407398E+02   3.362524935013761E+02   3.120010122313073E+02   3.543889606867726E+02   3.646754464844799E+02
  4.139999999999999E+01   3.429563916651451E+02   3.359329842805703E+02   3.117174427435658E+02   3.540466295364191E+02   3.643185179657339E+02
  4.149999999999999E+01   3.426268762071867E+02   3.356153479363905E+02   3.114358504883369E+02   3.537060300335972E+02   3.639632478178161E+02
  4.159999999999999E+01   3.422991778321618E+02   3.352995373076965E+02   3.111561859117352E+02   3.533671181683515E+02   3.636095938000664E+02
  4.169999999999999E+01   3.419732493944687E+02   3.349855047629219E+02   3.108783991175745E+02   3.530298493276837E+02   3.632575129813013E+02
  4.179999999999999E+01   3.416490432598187E+02   3.346732022061168E+02   3.106024398816369E+02   3.526941783004770E+02   3.629069617433780E+02
  4.189999999999999E+01   3.413265113102246E+02   3.343625810927418E+02   3.103282576789795E+02   3.523600592843620E+02   3.625578957868680E+02
  4.199999999999999E+01   3.410056049056660E+02   3.340535924221417E+02   3.100558017134296E+02   3.520274458460341E+02   3.622102700805363E+02
  4.209999999999999E+01   3.406862749242529E+02   3.337461867720270E+02   3.097850209616945E+02   3.516962909585924E+02   3.618640388867130E+02
  4.219999999999999E+01   3.403684718305976E+02   3.334403143589479E+02   3.095158642316458E+02   3.513665470720549E+02   3.615191558213863E+02
  4.229999999999999E+01   3.400521457377281E+02   3.331359251017523E+02   3.092482802273964E+02   3.510381661565017E+02   3.611755739133341E+02
  4.239999999999999E+01   3.397372464818295E+02   3.328329686926726E+02   3.089822176261521E+02   3.507110997765898E+02   3.608332456850205E+02
  4.249999999999999E+01   3.394237237182761E+02   3.325313946891525E+02   3.087176251636998E+02   3.503852991864283E+02   3.604921232500787E+02
  4.259999999999999E+01   3.391115269900666E+02   3.322311525947745E+02   3.084544517224339E+02   3.500607154231618E+02   3.601521583849687E+02
  4.269999999999999E+01   3.388006058120111E+02   3.319321919505169E+02   3.081926464226261E+02   3.497372993772835E+02   3.598133026100074E+02
  4.279999999999999E+01   3.384909097567443E+02   3.316344624192752E+02   3.079321587128441E+02   3.494150018784968E+02   3.594755072811087E+02
  4.289999999999999E+01   3.381823885518601E+02   3.313379138812194E+02   3.076729384623767E+02   3.490937737963634E+02   3.591387236890356E+02
  4.299999999999999E+01   3.378749921682208E+02   3.310424965239088E+02   3.074149360494263E+02   3.487735661339325E+02   3.588029031592532E+02
  4.309999999999999E+01   3.375686709074288E+02   3.307481609281698E+02   3.071581024463166E+02   3.484543301150898E+02   3.584679971432408E+02
  4.319999999999999E+01   3.372633754967392E+02   3.304548581617247E+02   3.069023893056991E+02   3.481360172849701E+02   3.581339573160784E+02
  4.329999999999998E+01   3.369590571688019E+02   3.301625398602113E+02   3.066477490369655E+02   3.478185795893540E+02   3.578007356665669E+02
  4.339999999999998E+01   3.366556677598172E+02   3.298711583186729E+02   3.063941348878070E+02   3.475019694777747E+02   3.574682845989595E+02
  4.349999999999999E+01   3.363531597913503E+02   3.295806665724352E+02   3.061415010157513E+02   3.471861399941602E+02   3.571365570279693E+02
  4.359999999999999E+01   3.360514865489511E+02   3.292910184738546E+02   3.058898025543414E+02   3.468710448594099E+02   3.568055064686463E+02
  4.369999999999999E+01   3.357506021528146E+02   3.290021687614669E+02   3.056389956734223E+02   3.465566385449077E+02   3.564750871172261E+02
  4.379999999999998E+01   3.354504616090682E+02   3.287140731126816E+02   3.053890376300114E+02   3.462428763316244E+02   3.561452539094391E+02
  4.389999999999998E+01   3.351510208777414E+02   3.284266882047315E+02   3.051398868145299E+02   3.459297143811185E+02   3.558159625989661E+02
  4.399999999999999E+01   3.348522369444897E+02   3.281399717773950E+02   3.048915027942675E+02   3.456171098151738E+02   3.554871698448248E+02
  4.409999999999998E+01   3.345540678855592E+02   3.278538826918358E+02   3.046438463522923E+02   3.453050207872039E+02   3.551588332925469E+02
  4.419999999999998E+01   3.342564729227817E+02   3.275683809796178E+02   3.043968795204373E+02   3.449934065431330E+02   3.548309116429865E+02
  4.429999999999998E+01   3.339594124714177E+02   3.272834278848531E+02   3.041505656058410E+02   3.446822274765656E+02   3.545033647140873E+02
  4.439999999999998E+01   3.336628481807253E+02   3.269989859004401E+02   3.039048692115804E+02   3.443714451757861E+02   3.541761534954916E+02
  4.449999999999999E+01   3.333667429656891E+02   3.267150187962006E+02   3.036597562513322E+02   3.440610224624659E+02   3.538492401933786E+02
  4.459999999999998E+01   3.330710610317568E+02   3.264314916400051E+02   3.034151939582271E+02   3.437509234223817E+02   3.535225882670122E+02
  4.469999999999998E+01   3.327757678950503E+02   3.261483708136433E+02   3.031711508884730E+02   3.434411134311977E+02   3.531961624599527E+02
  4.479999999999998E+01   3.324808303975286E+02   3.258656240240593E+02   3.029275969203218E+02   3.431315591752270E+02   3.528699288259684E+02
  4.489999999999998E+01   3.321862167165905E+02   3.255832203092319E+02   3.026845032484755E+02   3.428222286662478E+02   3.525438547489231E+02
  4.499999999999998E+01   3.318918963703749E+02   3.253011300396774E+02   3.024418423745879E+02   3.425130912515271E+02   3.522179089576561E+02
