  1.000000000000000E-01   1.499373377521778E+02   1.499421678724142E+02   1.499611853995669E+02   1.499540862410068E+02   1.499777946018908E+02
  2.000000000000000E-01   1.498862712568273E+02   1.498967461161802E+02   1.499195435315426E+02   1.499169688353448E+02   1.499504971275174E+02
  3.000000000000000E-01   1.498448186777241E+02   1.498577508954203E+02   1.498812702245625E+02   1.498831342669609E+02   1.499220177967446E+02
  4.000000000000000E-01   1.498089162519171E+02   1.498229217696913E+02   1.498465265195998E+02   1.498514736213280E+02   1.498934485865752E+02
  5.000000000000000E-01   1.497763148245745E+02   1.497908890681698E+02   1.498146191388083E+02   1.498213232343565E+02   1.498651096926314E+02
  6.000000000000000E-01   1.497458197447180E+02   1.497607948894278E+02   1.497848834769233E+02   1.497922474053156E+02   1.498370802055716E+02
  7.000000000000000E-01   1.497167609854597E+02   1.497320954524082E+02   1.497568039956327E+02   1.497639655931483E+02   1.498093604105700E+02
  7.999999999999999E-01   1.496887367791992E+02   1.497044349625060E+02   1.497299987114959E+02   1.497362930413042E+02   1.497819260841502E+02
  8.999999999999999E-01   1.496614906401400E+02   1.496775717317512E+02   1.497041864026100E+02   1.497091032458388E+02   1.497547479030023E+02
  9.999999999999999E-01   1.496348501204131E+02   1.496513360736044E+02   1.496791589741839E+02   1.496823066270472E+02   1.497277986883557E+02
  1.100000000000000E+00   1.496086948550656E+02   1.496256059904150E+02   1.496547613639886E+02   1.496558385727741E+02   1.497010561145609E+02
  1.200000000000000E+00   1.495829390299440E+02   1.496002926849088E+02   1.496308774980164E+02   1.496296525492745E+02   1.496745036565165E+02
  1.300000000000000E+00   1.495575212577490E+02   1.495753315971872E+02   1.496074205396988E+02   1.496037159649973E+02   1.496481308608352E+02
  1.400000000000000E+00   1.495323984423155E+02   1.495506766568375E+02   1.495843260846679E+02   1.495780075875270E+02   1.496219333839533E+02
  1.500000000000000E+00   1.495075419015487E+02   1.495262964817019E+02   1.495615473679573E+02   1.495525158818936E+02   1.495959129772924E+02
  1.600000000000000E+00   1.494829348267151E+02   1.495021718026688E+02   1.495390518555772E+02   1.495272379212752E+02   1.495700774852590E+02
  1.700000000000000E+00   1.494585705759281E+02   1.494782936876643E+02   1.495168187994736E+02   1.495021786689294E+02   1.495444408735432E+02
  1.800000000000000E+00   1.494344515104000E+02   1.494546622976831E+02   1.494948374688047E+02   1.494773505029725E+02   1.495190232835535E+02
  1.900000000000001E+00   1.494105881865694E+02   1.494312860050286E+02   1.494731058598098E+02   1.494527729007622E+02   1.494938511020634E+02
  2.000000000000000E+00   1.493869987843611E+02   1.494081807603981E+02   1.494516297467929E+02   1.494284722269547E+02   1.494689570336282E+02
  2.100000000000001E+00   1.493637086939848E+02   1.493853696307310E+02   1.494304219768983E+02   1.494044815863429E+02   1.494443801650511E+02
  2.200000000000001E+00   1.493407502085945E+02   1.493628824531793E+02   1.494095019388640E+02   1.493808407139089E+02   1.494201660135931E+02
  2.300000000000001E+00   1.493181622859187E+02   1.493407555666444E+02   1.493888951553150E+02   1.493575958826625E+02   1.493963665529938E+02
  2.400000000000001E+00   1.492959903527943E+02   1.493190315935221E+02   1.493686329619598E+02   1.493347998157783E+02   1.493730402134314E+02
  2.500000000000001E+00   1.492742861341920E+02   1.492977592521818E+02   1.493487522469606E+02   1.493125115938179E+02   1.493502518532140E+02
  2.600000000000001E+00   1.492531074937915E+02   1.492769931863012E+02   1.493292952309246E+02   1.492907965508940E+02   1.493280727012649E+02
  2.700000000000001E+00   1.492325182770874E+02   1.492567938012461E+02   1.493103092732059E+02   1.492697261558450E+02   1.493065802704045E+02
  2.800000000000001E+00   1.492125881359287E+02   1.492372271025746E+02   1.492918466943675E+02   1.492493778757630E+02   1.492858582416944E+02
  2.900000000000001E+00   1.491933923740881E+02   1.492183645286957E+02   1.492739646085799E+02   1.492298350256492E+02   1.492659963238660E+02
  3.000000000000001E+00   1.491750117894995E+02   1.492002827731265E+02   1.492567247576679E+02   1.492111865954121E+02   1.492470900887487E+02
  3.100000000000001E+00   1.491575324848828E+02   1.491830636057940E+02   1.492401933465428E+02   1.491935270631554E+02   1.492292407871420E+02
  3.200000000000002E+00   1.491410456672226E+02   1.491667936930266E+02   1.492244408824216E+02   1.491769562023290E+02   1.492125551513125E+02
  3.300000000000002E+00   1.491256474512690E+02   1.491515644149748E+02   1.492095420172324E+02   1.491615788844763E+02   1.491971451901290E+02
  3.400000000000002E+00   1.491114386685738E+02   1.491374716832875E+02   1.491955753934694E+02   1.491475048803371E+02   1.491831279822727E+02
  3.500000000000002E+00   1.490985246814353E+02   1.491246157627975E+02   1.491826234949787E+02   1.491348486633969E+02   1.491706254719040E+02
  3.600000000000002E+00   1.490870152025401E+02   1.491131010997332E+02   1.491707725040646E+02   1.491237292191471E+02   1.491597642697683E+02
  3.700000000000002E+00   1.490770241213290E+02   1.491030361574315E+02   1.491601121655351E+02   1.491142698615722E+02   1.491506754611495E+02
  3.800000000000002E+00   1.490686693372445E+02   1.490945332592499E+02   1.491507356574257E+02   1.491065980567204E+02   1.491434944205455E+02
  3.900000000000002E+00   1.490620725989224E+02   1.490877084374132E+02   1.491427394673739E+02   1.491008452519664E+02   1.491383606316524E+02
  4.000000000000002E+00   1.490573593475250E+02   1.490826812858527E+02   1.491362232730422E+02   1.490971467087653E+02   1.491354175103639E+02
  4.100000000000001E+00   1.490546586063103E+02   1.490795748087091E+02   1.491312898236465E+02   1.490956413363259E+02   1.491348122297256E+02
  4.200000000000001E+00   1.490541028151603E+02   1.490785152757645E+02   1.491280448209266E+02   1.490964715198186E+02   1.491366955427742E+02
  4.300000000000001E+00   1.490558275945117E+02   1.490796320987544E+02   1.491265968097763E+02   1.490997829636170E+02   1.491412216086444E+02
  4.400000000000000E+00   1.490599715997487E+02   1.490830577030013E+02   1.491270570797427E+02   1.491057245503306E+02   1.491485478298787E+02
  4.500000000000000E+00   1.490666764425026E+02   1.490889273959815E+02   1.491295395703750E+02   1.491144482005737E+02   1.491588347071520E+02
  4.600000000000000E+00   1.490760866060488E+02   1.490973792584311E+02   1.491341607866733E+02   1.491261087485771E+02   1.491722457161399E+02
  4.699999999999999E+00   1.490883493586734E+02   1.491085540654428E+02   1.491410397345269E+02   1.491408638480855E+02   1.491889472112004E+02
  4.799999999999999E+00   1.491036146850505E+02   1.491225952337363E+02   1.491502978782043E+02   1.491588739089623E+02   1.492091083571983E+02
  4.899999999999999E+00   1.491220352420329E+02   1.491396487899230E+02   1.491620591173336E+02   1.491803020585385E+02   1.492329010863924E+02
  4.999999999999998E+00   1.491437663347093E+02   1.491598633543210E+02   1.491764497787861E+02   1.492053141200754E+02   1.492605000734961E+02
  5.099999999999998E+00   1.491689659044483E+02   1.491833901337185E+02   1.491935986176108E+02   1.492340785998119E+02   1.492920827195922E+02
  5.199999999999998E+00   1.491977945196989E+02   1.492103829154379E+02   1.492136368204511E+02   1.492667666734800E+02   1.493278291346825E+02
  5.299999999999997E+00   1.492304153606979E+02   1.492409980548613E+02   1.492366980048005E+02   1.493035521633753E+02   1.493679221091112E+02
  5.399999999999997E+00   1.492669941198699E+02   1.492753944611659E+02   1.492629182116393E+02   1.493446115019524E+02   1.494125470652194E+02
  5.499999999999996E+00   1.493076987087168E+02   1.493137336003533E+02   1.492924359016776E+02   1.493901236958879E+02   1.494618919901612E+02
  5.599999999999996E+00   1.493526997696328E+02   1.493561793743836E+02   1.493253919341729E+02   1.494402702779906E+02   1.495161473887010E+02
  5.699999999999996E+00   1.494021707431625E+02   1.494028980517505E+02   1.493619295158637E+02   1.494952351918358E+02   1.495755062320917E+02
  5.799999999999995E+00   1.494562875997648E+02   1.494540583385773E+02   1.494021942118839E+02   1.495552048031166E+02   1.496401639470336E+02
  5.899999999999995E+00   1.495152287550104E+02   1.495098314732198E+02   1.494463340253965E+02   1.496203679968409E+02   1.497103184693819E+02
  5.999999999999995E+00   1.495791751733921E+02   1.495703913281505E+02   1.494944995112710E+02   1.496909163030179E+02   1.497861703604722E+02
  6.099999999999994E+00   1.496483105472107E+02   1.496359145408484E+02   1.495468439136993E+02   1.497670440459196E+02   1.498679229697005E+02
  6.199999999999994E+00   1.497228214913063E+02   1.497065806735155E+02   1.496035233214394E+02   1.498489485143453E+02   1.499557826198436E+02
  6.299999999999994E+00   1.498028977293662E+02   1.497825723819680E+02   1.496646968276246E+02   1.499368301349650E+02   1.500499587884877E+02
  6.399999999999993E+00   1.498887322547084E+02   1.498640755688061E+02   1.497305266768991E+02   1.500308926234119E+02   1.501506642592724E+02
  6.499999999999993E+00   1.499805214489541E+02   1.499512794988048E+02   1.498011783829184E+02   1.501313430895361E+02   1.502581152203020E+02
  6.599999999999993E+00   1.500784651443780E+02   1.500443768603017E+02   1.498768208025735E+02   1.502383920794627E+02   1.503725312932219E+02
  6.699999999999992E+00   1.501827666205669E+02   1.501435637629841E+02   1.499576261581037E+02   1.503522535446732E+02   1.504941354838719E+02
  6.799999999999992E+00   1.502936342691043E+02   1.502490394219808E+02   1.500437699364752E+02   1.504731446533839E+02   1.506231541066745E+02
  6.899999999999991E+00   1.504112790690176E+02   1.503610065154751E+02   1.501354308860268E+02   1.506012857331692E+02   1.507598166395127E+02
  6.999999999999991E+00   1.505359138680114E+02   1.504796714511239E+02   1.502327912701523E+02   1.507369006342496E+02   1.509043557823916E+02
  7.099999999999991E+00   1.506677547093537E+02   1.506052442777356E+02   1.503360370862415E+02   1.508802168749207E+02   1.510570076901906E+02
  7.199999999999990E+00   1.508070218445271E+02   1.507379388133242E+02   1.504453582657176E+02   1.510314657873642E+02   1.512180123290033E+02
  7.299999999999990E+00   1.509539401835800E+02   1.508779730756770E+02   1.505609489925143E+02   1.511908828979180E+02   1.513876139306909E+02
  7.399999999999990E+00   1.511087396182788E+02   1.510255698222752E+02   1.506830081244287E+02   1.513587084538854E+02   1.515660614968048E+02
  7.499999999999989E+00   1.512716553757242E+02   1.511809570531601E+02   1.508117396307907E+02   1.515351879384336E+02   1.517536092760964E+02
  7.599999999999989E+00   1.514429283554321E+02   1.513443684054723E+02   1.509473529694118E+02   1.517205724704081E+02   1.519505171374859E+02
  7.699999999999989E+00   1.516228053698109E+02   1.515160434032964E+02   1.510900633517258E+02   1.519151190370122E+02   1.521570507794044E+02
  7.799999999999988E+00   1.518115392350161E+02   1.516962275430045E+02   1.512400918682361E+02   1.521190905369006E+02   1.523734817432538E+02
  7.899999999999988E+00   1.520093886914883E+02   1.518851722089920E+02   1.513976654657286E+02   1.523327556316013E+02   1.526000872249492E+02
  7.999999999999988E+00   1.522166181583222E+02   1.520831344295526E+02   1.515630167834712E+02   1.525563884198970E+02   1.528371496998924E+02
  8.099999999999987E+00   1.524334925489472E+02   1.522903773538530E+02   1.517363842451282E+02   1.527902684957991E+02   1.530849564882531E+02
  8.199999999999987E+00   1.526602811575726E+02   1.525071694293123E+02   1.519180121174172E+02   1.530346807883001E+02   1.533437997234758E+02
  8.299999999999986E+00   1.528972659451883E+02   1.527337832827671E+02   1.521081501607776E+02   1.532899147696020E+02   1.536139766604552E+02
  8.399999999999986E+00   1.531447380917202E+02   1.529704973854717E+02   1.523070539903005E+02   1.535562651074113E+02   1.538957902919682E+02
  8.499999999999986E+00   1.534029949918903E+02   1.532175981999544E+02   1.525149864812127E+02   1.538340337541306E+02   1.541895505706394E+02
  8.599999999999985E+00   1.536723410442854E+02   1.534753814488115E+02   1.527322192937282E+02   1.541235316542549E+02   1.544955758543321E+02
  8.699999999999985E+00   1.539530895632784E+02   1.537441529550978E+02   1.529590340541957E+02   1.544250798218860E+02   1.548141941828825E+02
  8.799999999999985E+00   1.542455642454081E+02   1.540242292963560E+02   1.531957231490172E+02   1.547390099972279E+02   1.551457441289407E+02
  8.899999999999984E+00   1.545500999056094E+02   1.543159381825221E+02   1.534425901322653E+02   1.550656649169501E+02   1.554905751116596E+02
  8.999999999999984E+00   1.548670425679104E+02   1.546196184372912E+02   1.536999497410528E+02   1.554053981441060E+02   1.558490471576068E+02
  9.099999999999984E+00   1.551967490334350E+02   1.549356195543697E+02   1.539681275388184E+02   1.557585734491998E+02   1.562215301606408E+02
  9.199999999999983E+00   1.555395860436530E+02   1.552643008831845E+02   1.542474592434895E+02   1.561255638045551E+02   1.566084027383781E+02
  9.299999999999983E+00   1.558959291582902E+02   1.556060305440828E+02   1.545382898248630E+02   1.565067500991719E+02   1.570100508079247E+02
  9.399999999999983E+00   1.562661693248420E+02   1.559611832617795E+02   1.548409721159926E+02   1.569025191172192E+02   1.574268661855492E+02
  9.499999999999982E+00   1.566507361361914E+02   1.563301375210122E+02   1.551558650067503E+02   1.573132609702511E+02   1.578592463243880E+02
  9.599999999999982E+00   1.570500275567012E+02   1.567132896616680E+02   1.554833388120489E+02   1.577393780452590E+02   1.583075962595084E+02
  9.699999999999982E+00   1.574644365707121E+02   1.571110521818551E+02   1.558237810237768E+02   1.581812900951878E+02   1.587723338162452E+02
  9.799999999999981E+00   1.578943795645964E+02   1.575238518169808E+02   1.561775979543876E+02   1.586394330511683E+02   1.592538937164713E+02
  9.899999999999981E+00   1.583403018791180E+02   1.579521332854316E+02   1.565452160623865E+02   1.591142606850125E+02   1.597527304130804E+02
  9.999999999999980E+00   1.588026760837744E+02   1.583963633559505E+02   1.569270837221005E+02   1.596062476417346E+02   1.602693197695193E+02
  1.009999999999998E+01   1.592819999900858E+02   1.588570325666716E+02   1.573236722738835E+02   1.601158909539758E+02   1.608041593197609E+02
  1.019999999999998E+01   1.597787948328665E+02   1.593346547002719E+02   1.577354757806326E+02   1.606437094208088E+02   1.613577670285968E+02
  1.029999999999998E+01   1.602936030513936E+02   1.598297647764995E+02   1.581630095852439E+02   1.611902413744471E+02   1.619306787835833E+02
  1.039999999999998E+01   1.608269855388894E+02   1.603429162232128E+02   1.586068080459767E+02   1.617560415137941E+02   1.625234450361800E+02
  1.049999999999998E+01   1.613795185721161E+02   1.608746777207604E+02   1.590674218755211E+02   1.623416773620941E+02   1.631366270509134E+02
  1.059999999999998E+01   1.619517907384218E+02   1.614256300959712E+02   1.595454154597895E+02   1.629477257681384E+02   1.637707931699867E+02
  1.069999999999998E+01   1.625444001546695E+02   1.619963635500658E+02   1.600413644496582E+02   1.635747697556064E+02   1.644265154086808E+02
  1.079999999999998E+01   1.631577801554342E+02   1.625875042850213E+02   1.605558735056969E+02   1.642234229696194E+02   1.651043772616875E+02
  1.089999999999998E+01   1.637925561997232E+02   1.631996696749196E+02   1.610895704369696E+02   1.648943044293196E+02   1.658049840223333E+02
  1.099999999999998E+01   1.644494937359305E+02   1.638335041007289E+02   1.616431077787146E+02   1.655880490250013E+02   1.665289703442736E+02
  1.109999999999998E+01   1.651293859869404E+02   1.644897174784117E+02   1.622171830631152E+02   1.663053432792436E+02   1.672770126409854E+02
  1.119999999999998E+01   1.658330438712395E+02   1.651690890307619E+02   1.628125534908197E+02   1.670469384181355E+02   1.680498379002004E+02
  1.129999999999998E+01   1.665613156647543E+02   1.658724582744410E+02   1.634300377765037E+02   1.678136449036224E+02   1.688482243045086E+02
  1.139999999999998E+01   1.673150969222150E+02   1.666007159976130E+02   1.640705104159167E+02   1.686063223043232E+02   1.696729952784421E+02
  1.149999999999998E+01   1.680953292528959E+02   1.673547961965854E+02   1.647348931147862E+02   1.694258692095295E+02   1.705250099735044E+02
  1.159999999999997E+01   1.689029939019871E+02   1.681356682054090E+02   1.654241458175950E+02   1.702732137216710E+02   1.714051526379791E+02
  1.169999999999997E+01   1.697391042949979E+02   1.689443292605332E+02   1.661392586052241E+02   1.711493048006246E+02   1.723143225146592E+02
  1.179999999999997E+01   1.706046996925860E+02   1.697817982673477E+02   1.668812452115498E+02   1.720551050247678E+02   1.732534252749248E+02
  1.189999999999997E+01   1.715008409831814E+02   1.706491114454471E+02   1.676511385876282E+02   1.729915852975874E+02   1.742233665264764E+02
  1.199999999999997E+01   1.724286090571873E+02   1.715473202278079E+02   1.684499886884866E+02   1.739597217913311E+02   1.752250475860354E+02
  1.209999999999997E+01   1.733896205658784E+02   1.724774746358116E+02   1.692788491303155E+02   1.749604681397914E+02   1.762593732118592E+02
  1.219999999999997E+01   1.743854486875015E+02   1.734407882985533E+02   1.701388648562730E+02   1.759948940913120E+02   1.773273155013948E+02
  1.229999999999997E+01   1.754171052292063E+02   1.744387087774928E+02   1.710313910635224E+02   1.770643072123395E+02   1.784299942912642E+02
  1.239999999999997E+01   1.764858249293710E+02   1.754727850942153E+02   1.719579797362222E+02   1.781701589178211E+02   1.795686904519034E+02
  1.249999999999997E+01   1.775932229883268E+02   1.765446694299673E+02   1.729203278845856E+02   1.793139956443311E+02   1.807448156029725E+02
  1.259999999999997E+01   1.787411826074074E+02   1.776561448981349E+02   1.739202467079334E+02   1.804974624069047E+02   1.819598773935279E+02
  1.269999999999997E+01   1.799317577790008E+02   1.788091178946491E+02   1.749596397027762E+02   1.817222954844722E+02   1.832154465808397E+02
  1.279999999999997E+01   1.811671221578682E+02   1.800055907011828E+02   1.760404807964151E+02   1.829902990874901E+02   1.845131268356766E+02
  1.289999999999997E+01   1.824495456135228E+02   1.812476348485952E+02   1.771647944255758E+02   1.843033201504559E+02   1.858545295832152E+02
  1.299999999999997E+01   1.837813869942745E+02   1.825373738579487E+02   1.783346411545301E+02   1.856632301132859E+02   1.872412558418468E+02
  1.309999999999997E+01   1.851650986455544E+02   1.838769766151361E+02   1.795521105394919E+02   1.870719159877197E+02   1.886748856216261E+02
  1.319999999999997E+01   1.866032406413946E+02   1.852686599380284E+02   1.808193210948496E+02   1.885312798576217E+02   1.901569742318992E+02
  1.329999999999997E+01   1.880985032053248E+02   1.867146982876303E+02   1.821384261899373E+02   1.900432450130343E+02   1.916890541941228E+02
  1.339999999999997E+01   1.896530692077633E+02   1.882175176974202E+02   1.835117405537250E+02   1.916098899646179E+02   1.932727364623554E+02
  1.349999999999997E+01   1.912671387775690E+02   1.897799863267039E+02   1.849422366896453E+02   1.932339004089934E+02   1.949101461237978E+02
  1.359999999999997E+01   1.929469704861894E+02   1.914050263231732E+02   1.864330975228362E+02   1.949178460658824E+02   1.966036883948730E+02
  1.369999999999997E+01   1.946991400706251E+02   1.930966134422720E+02   1.879878862109962E+02   1.966649501335881E+02   1.983560633783413E+02
  1.379999999999997E+01   1.965296486874500E+02   1.948594228091728E+02   1.896106184631316E+02   1.984790623819188E+02   2.001702447702012E+02
  1.389999999999997E+01   1.984444281418922E+02   1.966983498924846E+02   1.913055825049255E+02   2.003642748992866E+02   2.020493373860981E+02
  1.399999999999997E+01   2.004496201235928E+02   1.986182972346348E+02   1.930771382409590E+02   2.023246789145445E+02   2.039964296075987E+02
  1.409999999999997E+01   2.025516468642429E+02   2.006241173824554E+02   1.949295917048313E+02   2.043642738803385E+02   2.060144952654479E+02
  1.419999999999997E+01   2.047572295338539E+02   2.027206137494151E+02   1.968671405741060E+02   2.064869502522679E+02   2.081063460162163E+02
  1.429999999999997E+01   2.070734155107183E+02   2.049125627186273E+02   1.988938655010493E+02   2.086965021540773E+02   2.102746195426479E+02
  1.439999999999996E+01   2.095076241220906E+02   2.072047454606927E+02   2.010137462701220E+02   2.109966526308754E+02   2.125217891326365E+02
  1.449999999999996E+01   2.120677050425412E+02   2.096019838914259E+02   2.032306888567950E+02   2.133910838576208E+02   2.148501839612105E+02
  1.459999999999996E+01   2.147620013253187E+02   2.121091763351741E+02   2.055485547077730E+02   2.158834676001727E+02   2.172620129249401E+02
  1.469999999999996E+01   2.175994103041215E+02   2.147313292225529E+02   2.079711869924170E+02   2.184774925386091E+02   2.197593875061608E+02
  1.479999999999996E+01   2.206069483653769E+02   2.174773992192397E+02   2.105041173377116E+02   2.211788004165696E+02   2.223454592524131E+02
  1.489999999999996E+01   2.237915957747624E+02   2.203596569457777E+02   2.131564787136304E+02   2.239973605163262E+02   2.250262354024748E+02
  1.499999999999996E+01   2.271614341040819E+02   2.233884523857689E+02   2.159383430034581E+02   2.269425177927285E+02   2.278086847203096E+02
  1.509999999999996E+01   2.307306596435819E+02   2.265726438510601E+02   2.188587302310933E+02   2.300219331589887E+02   2.306991336468022E+02
  1.519999999999996E+01   2.345156596675063E+02   2.299206310680971E+02   2.219252571434604E+02   2.332423124455166E+02   2.337028149907772E+02
  1.529999999999996E+01   2.385328143868469E+02   2.334404059372115E+02   2.251442903113180E+02   2.366096975561599E+02   2.368238738172921E+02
  1.539999999999996E+01   2.427979380628351E+02   2.371393524184676E+02   2.285211228912284E+02   2.401294483900751E+02   2.400654813955368E+02
  1.549999999999996E+01   2.473263054895845E+02   2.410241602294905E+02   2.320601235985836E+02   2.438062265620889E+02   2.434299706527997E+02
  1.559999999999996E+01   2.521328001718884E+02   2.451008559989182E+02   2.357648700333292E+02   2.476440439027003E+02   2.469189696710815E+02
  1.569999999999996E+01   2.572320369253345E+02   2.493748792846774E+02   2.396382648252026E+02   2.516463411742259E+02   2.505335197295778E+02
  1.579999999999996E+01   2.626384199046834E+02   2.538511520296677E+02   2.436826265693348E+02   2.558160606701219E+02   2.542741695028790E+02
  1.589999999999996E+01   2.683661307267132E+02   2.585341184096270E+02   2.478997502689264E+02   2.601556943713683E+02   2.581410424139056E+02
  1.599999999999996E+01   2.744290517559160E+02   2.634277492557678E+02   2.522909367671833E+02   2.646673027868728E+02   2.621338782509296E+02
  1.609999999999996E+01   2.808191200588042E+02   2.685348467963796E+02   2.568664333343647E+02   2.693573956545765E+02   2.662623755324113E+02
  1.619999999999996E+01   2.875724477014239E+02   2.738672870829487E+02   2.616441863278282E+02   2.742381300848959E+02   2.705424051905939E+02
  1.629999999999996E+01   2.947623214875295E+02   2.794506162900825E+02   2.666398968518972E+02   2.793259828818022E+02   2.749844296361878E+02
  1.639999999999996E+01   3.024184261791287E+02   2.853084960568734E+02   2.718660069074476E+02   2.846375568573434E+02   2.795954595206782E+02
  1.649999999999996E+01   3.105507451095202E+02   2.914532009663584E+02   2.773291242604527E+02   2.901818102786334E+02   2.843782007139478E+02
  1.659999999999997E+01   3.191623424909336E+02   2.978873731006825E+02   2.830296976233213E+02   2.959601013967480E+02   2.893312193467840E+02
  1.669999999999997E+01   3.282528761343376E+02   3.046076015900893E+02   2.889633203233819E+02   3.019686910629500E+02   2.944499467062822E+02
  1.679999999999997E+01   3.378193707766522E+02   3.116068917996622E+02   2.951222634875834E+02   3.082007931335010E+02   2.997277265632878E+02
  1.689999999999997E+01   3.478563259923899E+02   3.188760151558409E+02   3.014966501866652E+02   3.146477824844697E+02   3.051565894876414E+02
  1.699999999999997E+01   3.583556289730000E+02   3.264041699440264E+02   3.080752008796143E+02   3.212998136203315E+02   3.107277374030439E+02
  1.709999999999997E+01   3.693063754720828E+02   3.341792638569979E+02   3.148456477411459E+02   3.281461001807944E+02   3.164318114406902E+02
  1.719999999999997E+01   3.806946378981092E+02   3.421879957554771E+02   3.217949316251157E+02   3.351750117422782E+02   3.222590194363873E+02
  1.729999999999998E+01   3.925032101393772E+02   3.504158349760918E+02   3.289092698922403E+02   3.423740767344817E+02   3.281991805377749E+02
  1.739999999999998E+01   4.047597850196764E+02   3.589188070892696E+02   3.362287887022450E+02   3.497854700912073E+02   3.342729915842219E+02
  1.749999999999998E+01   4.176489038594806E+02   3.680336940780725E+02   3.440199724842123E+02   3.576740179996985E+02   3.406342059143975E+02
  1.759999999999998E+01   4.309807133336257E+02   3.777002334752754E+02   3.523021742679854E+02   3.660202714197131E+02   3.473101406692110E+02
  1.769999999999998E+01   4.447517276745493E+02   3.878127940883038E+02   3.610117970852003E+02   3.747416094033569E+02   3.542672780790419E+02
  1.779999999999998E+01   4.589534854771396E+02   3.982875554248949E+02   3.700712317155529E+02   3.837652956398382E+02   3.614587013528856E+02
  1.789999999999998E+01   4.735462047492953E+02   4.090561663487005E+02   3.794090219394607E+02   3.930318910658657E+02   3.688391788941887E+02
  1.799999999999999E+01   4.884702335057540E+02   4.200582956129050E+02   3.889630302838528E+02   4.024902319327211E+02   3.763683088461967E+02
  1.809999999999999E+01   5.036565570002756E+02   4.312386824510585E+02   3.986793406109439E+02   4.120945253692722E+02   3.840104533462375E+02
  1.819999999999999E+01   5.190324767057432E+02   4.425460179722953E+02   4.085105414572087E+02   4.218029714767906E+02   3.917339853206569E+02
  1.829999999999999E+01   5.345241566557384E+02   4.539322554176189E+02   4.184142063432862E+02   4.315769256798312E+02   3.995104835128042E+02
  1.839999999999999E+01   5.500576060002974E+02   4.653519949870968E+02   4.283516873726469E+02   4.413802421929224E+02   4.073140293236157E+02
  1.849999999999999E+01   5.655590041043037E+02   4.767619310863912E+02   4.382871957913045E+02   4.511787298346777E+02   4.151206379849820E+02
  1.859999999999999E+01   5.809548229273121E+02   4.881204031723274E+02   4.481871228401185E+02   4.609397225443879E+02   4.229078214143137E+02
  1.870000000000000E+01   5.961719528255887E+02   4.993870724035312E+02   4.580195563631897E+02   4.706317674883185E+02   4.306542677578548E+02
  1.880000000000000E+01   6.163402383207291E+02   5.118183672687405E+02   4.684523340617349E+02   4.810410728541839E+02   4.386793338431244E+02
  1.890000000000000E+01   6.404497362384844E+02   5.256563879486039E+02   4.796394551790847E+02   4.924025519989582E+02   4.471264669065073E+02
  1.900000000000000E+01   6.665805091385864E+02   5.405123837023950E+02   4.914212833410012E+02   5.045009374648927E+02   4.559393763147092E+02
  1.910000000000000E+01   6.935907593894722E+02   5.559539228160143E+02   5.035835930358367E+02   5.170440995063560E+02   4.649971314338875E+02
  1.920000000000000E+01   7.208436995271391E+02   5.716565093343881E+02   5.159393693573937E+02   5.297959619890049E+02   4.741836343195539E+02
  1.930000000000000E+01   7.479677600321193E+02   5.873987000945172E+02   5.283442880380004E+02   5.425890695828061E+02   4.834063179169440E+02
  1.940000000000001E+01   7.747307495206524E+02   6.030306350313477E+02   5.406911071204964E+02   5.553076043309824E+02   4.925954765706301E+02
  1.950000000000001E+01   8.009767361316933E+02   6.184481578137556E+02   5.529001546236065E+02   5.678700481264857E+02   5.016989654730863E+02
  1.960000000000001E+01   8.265937718765199E+02   6.335758796579310E+02   5.649111552669796E+02   5.802169541694866E+02   5.106771241000222E+02
  1.970000000000001E+01   8.514969197143071E+02   6.483568475361596E+02   5.766773149252855E+02   5.923031975395453E+02   5.194989889838944E+02
  1.980000000000001E+01   8.756191002012295E+02   6.627463785745468E+02   5.881613272857492E+02   6.040932435084540E+02   5.281397126566424E+02
  1.990000000000001E+01   8.989060529133161E+02   6.767083933278431E+02   5.993327621568592E+02   6.155582892513943E+02   5.365788718434740E+02
  2.000000000000001E+01   9.213135164868590E+02   6.902132259351083E+02   6.101663811922666E+02   6.266745363412297E+02   5.447993768012175E+02
  2.010000000000002E+01   9.428056258446466E+02   7.032363061338644E+02   6.206410567966202E+02   6.374221406846167E+02   5.527867719153164E+02
  2.020000000000002E+01   9.633755279390124E+02   7.157662184738442E+02   6.307439513723072E+02   6.477907930173088E+02   5.605317789525278E+02
  2.030000000000002E+01   9.830182475524063E+02   7.277970498871189E+02   6.404674371858983E+02   6.577749207605763E+02   5.680285928513014E+02
  2.040000000000002E+01   1.001707778445789E+03   7.393157549310550E+02   6.498015743593055E+02   6.673644046246729E+02   5.752701763792097E+02
  2.050000000000002E+01   1.019425149458052E+03   7.503084432318271E+02   6.587354728755647E+02   6.765480546178835E+02   5.822488125320656E+02
  2.060000000000002E+01   1.036160346874175E+03   7.607638567824437E+02   6.672591887515104E+02   6.853163058130049E+02   5.889572984629682E+02
  2.070000000000002E+01   1.051911141973395E+03   7.706742852272432E+02   6.753647368401789E+02   6.936621190128764E+02   5.953896149617440E+02
  2.080000000000003E+01   1.066682162570268E+03   7.800356023408203E+02   6.830464685890503E+02   7.015811176874431E+02   6.015411887412504E+02
  2.090000000000003E+01   1.080484239567909E+03   7.888470828919338E+02   6.903011420996003E+02   7.090714958938231E+02   6.074089537902756E+02
  2.100000000000003E+01   1.093333874091394E+03   7.971111816536436E+02   6.971278639357761E+02   7.161338721260058E+02   6.129913270117903E+02
  2.110000000000003E+01   1.105252745260149E+03   8.048333132992150E+02   7.035279818054722E+02   7.227711349430356E+02   6.182881496979194E+02
  2.120000000000003E+01   1.116267224111164E+03   8.120216366547672E+02   7.095049592024606E+02   7.289882891631532E+02   6.233006157507730E+02
  2.130000000000003E+01   1.126407879610921E+03   8.186868400307438E+02   7.150642428286164E+02   7.347923023006563E+02   6.280311943969814E+02
  2.140000000000003E+01   1.134668558709040E+03   8.245828084549664E+02   7.200734567388490E+02   7.400286275066572E+02   6.324156101855799E+02
  2.150000000000004E+01   1.136305790411723E+03   8.284315831468728E+02   7.238375776659525E+02   7.438753076872091E+02   6.361018439682621E+02
  2.160000000000004E+01   1.133754773182283E+03   8.303362598702338E+02   7.263685619243381E+02   7.463087225828244E+02   6.390227272273587E+02
  2.170000000000004E+01   1.128639141301747E+03   8.307434185034701E+02   7.278575000813281E+02   7.476006871056336E+02   6.412651484823618E+02
  2.180000000000004E+01   1.121821839643964E+03   8.300346093078025E+02   7.285014132489536E+02   7.480169529758657E+02   6.429440768529419E+02
  2.190000000000004E+01   1.113770600682852E+03   8.284719643751769E+02   7.284575390456536E+02   7.477511221773334E+02   6.441572599831003E+02
  2.200000000000004E+01   1.104756141269444E+03   8.262272106050763E+02   7.278416379761929E+02   7.469339578465356E+02   6.449781257288485E+02
  2.210000000000004E+01   1.094948406848257E+03   8.234145246800715E+02   7.267375828282195E+02   7.456538012481647E+02   6.454601427231133E+02
  2.220000000000005E+01   1.084464010009768E+03   8.201133787892666E+02   7.252072418502569E+02   7.439725961122981E+02   6.456427200577371E+02
  2.230000000000005E+01   1.073390413368890E+03   8.163826146244636E+02   7.232980031318302E+02   7.419362998773366E+02   6.455559643045294E+02
  2.240000000000005E+01   1.061798657883189E+03   8.122687847049335E+02   7.210479268476070E+02   7.395812379218576E+02   6.452239963978836E+02
  2.250000000000005E+01   1.049750239441131E+03   8.078110461725670E+02   7.184891101191646E+02   7.369379007597951E+02   6.446671298459044E+02
  2.260000000000005E+01   1.037300895136716E+03   8.030440316385733E+02   7.156498332224273E+02   7.340332004674904E+02   6.439032613776859E+02
  2.270000000000005E+01   1.024502709112698E+03   7.979995352541440E+02   7.125559093313369E+02   7.308918093937363E+02   6.429487451686985E+02
  2.280000000000005E+01   1.011163118837247E+03   7.923482167269697E+02   7.089583399426087E+02   7.272592949155207E+02   6.416625966667765E+02
  2.290000000000006E+01   9.974749489601517E+02   7.860867563141202E+02   7.047904484051443E+02   7.231046696885359E+02   6.399910011694693E+02
  2.300000000000006E+01   9.834946576572595E+02   7.793285698417487E+02   7.001079088981364E+02   7.185097077746235E+02   6.379592596759207E+02
  2.310000000000006E+01   9.692281864759741E+02   7.721686685684041E+02   6.949915554101392E+02   7.135546782271656E+02   6.356144253684071E+02
  2.320000000000006E+01   9.547047915508575E+02   7.646797653308161E+02   6.895167418494535E+02   7.083028795748698E+02   6.330029877528509E+02
  2.330000000000006E+01   9.399727762510818E+02   7.569220681046462E+02   6.837476052260082E+02   7.028058947255633E+02   6.301657770192478E+02
  2.340000000000006E+01   9.250877824027476E+02   7.489479462063690E+02   6.777379763411212E+02   6.971076819877142E+02   6.271377723114665E+02
  2.350000000000006E+01   9.101057466295713E+02   7.408036365162850E+02   6.715333461144859E+02   6.912465051332654E+02   6.239489378931969E+02
  2.360000000000007E+01   8.950797011304974E+02   7.325301035659467E+02   6.651726267139069E+02   6.852559738138973E+02   6.206251398891040E+02
  2.370000000000007E+01   8.800586477136750E+02   7.241637470836918E+02   6.586895446602299E+02   6.791658032338871E+02   6.171889462056668E+02
  2.380000000000007E+01   8.650873907432951E+02   7.157370676926030E+02   6.521137132504289E+02   6.730024549968460E+02   6.136602808359377E+02
  2.390000000000007E+01   8.502067532851770E+02   7.072792655426404E+02   6.454714506350731E+02   6.667896799071501E+02   6.100569418212593E+02
  2.400000000000007E+01   8.354539059522149E+02   6.988167456785043E+02   6.387863994287102E+02   6.605489618542134E+02   6.063950019726962E+02
  2.410000000000007E+01   8.208842057576280E+02   6.903741910715399E+02   6.320705534751547E+02   6.542949790959773E+02   6.026787904426889E+02
  2.420000000000007E+01   8.065043130498789E+02   6.819652336007721E+02   6.253266038299344E+02   6.480352854405942E+02   5.989054355588968E+02
  2.430000000000008E+01   7.922811564629438E+02   6.735878122474469E+02   6.185578896487684E+02   6.417715479762752E+02   5.950764942032001E+02
  2.440000000000008E+01   7.782234719249453E+02   6.652391080010638E+02   6.117685406011911E+02   6.355030950613784E+02   5.911954153566571E+02
  2.450000000000008E+01   7.643554477232560E+02   6.569252041358161E+02   6.049662020431061E+02   6.292349056404744E+02   5.872684587796142E+02
  2.460000000000008E+01   7.507032484104959E+02   6.486591387322521E+02   5.981624699435097E+02   6.229774935656881E+02   5.833045999778436E+02
  2.470000000000008E+01   7.372915424237217E+02   6.404572512541482E+02   5.913716411204591E+02   6.167443591148307E+02   5.793145704096191E+02
  2.480000000000008E+01   7.241427582268357E+02   6.323367327084388E+02   5.846092267213488E+02   6.105499571193855E+02   5.753098522011844E+02
  2.490000000000008E+01   7.112769087823218E+02   6.243143063371903E+02   5.778908208244384E+02   6.044085214178569E+02   5.713019413375117E+02
  2.500000000000009E+01   6.987115477753364E+02   6.164055783014318E+02   5.712313878006607E+02   5.983334667574560E+02   5.673018918654022E+02
  2.510000000000009E+01   6.864617883525723E+02   6.086247471597119E+02   5.646448696565825E+02   5.923371149205934E+02   5.633200678643842E+02
  2.520000000000009E+01   6.745403697312565E+02   6.009845032432297E+02   5.581440028349015E+02   5.864305942463691E+02   5.593660294618999E+02
  2.530000000000009E+01   6.629577598413748E+02   5.934960288867209E+02   5.517402611934649E+02   5.806238306064200E+02   5.554484989170883E+02
  2.540000000000009E+01   6.517187797090114E+02   5.861682879640425E+02   5.454435330265097E+02   5.749252026916514E+02   5.515751479937323E+02
  2.550000000000009E+01   6.408136499175150E+02   5.790045768225559E+02   5.392601851546137E+02   5.693392993168726E+02   5.477512113105877E+02
  2.560000000000009E+01   6.302542210037291E+02   5.720050913347998E+02   5.331922399674215E+02   5.638661451560097E+02   5.439784686541836E+02
  2.570000000000010E+01   6.200443397077845E+02   5.651718448053116E+02   5.272407635526228E+02   5.585067424676977E+02   5.402577555664866E+02
  2.580000000000010E+01   6.101816133633015E+02   5.585069737929964E+02   5.214072685669707E+02   5.532628401989289E+02   5.365901671954696E+02
  2.590000000000010E+01   6.006617464600273E+02   5.520119891359193E+02   5.156937189337128E+02   5.481361394121827E+02   5.329772481766059E+02
  2.600000000000010E+01   5.914801451293768E+02   5.456879557449786E+02   5.101023335539004E+02   5.431281812995878E+02   5.294209232285718E+02
