0.1 149.933527467961 149.926934322415 149.956482675552 149.95999423561 149.977090737878
0.2 149.880170656351 149.872970875271 149.912105183728 149.923912988051 149.949348349312
0.3 149.836989628904 149.827824133276 149.871949366614 149.891001597083 149.920781031543
0.4 149.799712227311 149.788519202419 149.835630908711 149.860093072679 149.89229859087
0.5 149.765993469872 149.753213304112 149.802292713156 149.830446802519 149.864093086286
0.6 149.734574001191 149.720708713601 149.771228692135 149.80164559397 149.836184927403
0.7 149.704737602469 149.690227523882 149.741916262624 149.773450800421 149.80855285477
0.8 149.67605019794 149.661255281758 149.71397465093 149.745717888485 149.781167728476
0.9 149.648233287828 149.633442132688 149.687124500513 149.718353698276 149.754002270646
1 149.621099572518 149.606543121036 149.661158209885 149.691295265668 149.727034032872
1.1 149.594518543116 149.580382327769 149.635919557237 149.664499102508 149.700246233449
1.2 149.568397227467 149.554831037683 149.611289932631 149.63793554947 149.673627904558
1.3 149.542668956575 149.529794158199 149.58717900963 149.611585666312 149.647173849801
1.4 149.51728655658 149.505201557182 149.563518351894 149.585439453523 149.620884590759
1.5 149.492218079309 149.481002391853 149.540256962893 149.559494810572 149.594766357663
1.6 149.467444041902 149.457161298359 149.517358135127 149.533756920975 149.568831129903
1.7 149.442955592378 149.433655766401 149.49479718065 149.508237892013 149.543096713838
1.8 149.4187532589 149.410474286345 149.472559768543 149.482956547397 149.517586840732
1.9 149.394846074912 149.387615010728 149.450640686515 149.457938309645 149.492331268788
2 149.371250950054 149.365084764846 149.429042902763 149.433215131642 149.467365876529
2.1 149.347992203282 149.342898298004 149.407776842685 149.408825451055 149.442732738391
2.2 149.325101203267 149.321077702717 149.386859820569 149.384814150488 149.418480176624
2.3 149.302616079343 149.299651952115 149.366315583616 149.361232512419 149.394662786099
2.4 149.280581478012 149.278656520849 149.346173937547 149.338138162062 149.371341430468
2.5 149.259048347839 149.258133064892 149.326470431269 149.315594993987 149.348583209321
2.6 149.238073740738 149.238129142506 149.307246083972 149.293673080158 149.326461396815
2.7 149.217720621277 149.218697963481 149.288547142279 149.272448558214 149.305055352679
2.8 149.198057678264 149.199898157297 149.270424858268 149.252003499828 149.284450407074
2.9 149.179159135158 149.181793553899 149.252935282027 149.232425760206 149.26473772162
3 149.161104557956 149.164452973281 149.236139064737 149.213808811147 149.24601413011
3.1 149.143978661192 149.147950022461 149.220101270539 149.196251561559 149.228381963692
3.2 149.127871114183 149.132362900117 149.204891197012 149.179858170323 149.211948866218
3.3 149.112876350471 149.117774210178 149.190582205078 149.164737856719 149.196827605571
3.4 149.099093383489 149.104270785917 149.177251559447 149.151004713144 149.183135886213
3.5 149.08662563086 149.091943525737 149.164980280421 149.138777523662 149.170996166794
3.6 149.075580748625 149.080887240948 149.153853007127 149.128179590331 149.160535484952
3.7 149.066070475365 149.071200514845 149.143957871425 149.119338567517 149.151885289587
3.8 149.058210484927 149.062985571345 149.135386380799 149.112386302854 149.145181279239
3.9 149.052120245434 149.056348150696 149.12823330796 149.107458682351 149.140563244055
4 149.047922881641 149.051397389304 149.122596584433 149.104695476486 149.138174908097
4.1 149.045745038006 149.048245701135 149.118577195875 149.104240184661 149.138163769379
4.2 149.045716741733 149.047008660115 149.116279078634 149.106239877889 149.140680937635
4.3 149.047971268391 149.047804886083 149.115809019941 149.110845043485 149.145880973822
4.4 149.052645015147 149.0507559391 149.117276566244 149.118209438432 149.153921738579
4.5 149.059877389087 149.055986228881 149.120793945773 149.128489960116 149.164964258575
4.6 149.069810716916 149.063622944858 149.126476010336 149.141846541491 149.179172618179
4.7 149.082590180146 149.073796010155 149.134440199178 149.158442074715 149.196713880475
4.8 149.098363776142 149.086638059258 149.144806524565 149.178442362833 149.217758037018
4.9 149.117282301493 149.102284435682 149.157697575582 149.202016094632 149.24247798107
5 149.139499350882 149.120873203058 149.173238534065 149.229334834313 149.271049495507
5.1 149.165171322492 149.142545161309 149.191557195061 149.260573015502 149.30365124449
5.2 149.194457420262 149.167443859124 149.212783983822 149.295907928712 149.340464757634
5.3 149.227519643838 149.19571559454 149.237051961959 149.335519692287 149.381674396502
5.4 149.264522759738 149.22750939815 149.264496817852 149.379591200331 149.427467296844
5.5 149.305634256512 149.262977002839 149.295256845181 149.428308052759 149.47803329215
5.6 149.35102429952 149.302272816114 149.329472924642 149.481858486992 149.533564838806
5.7 149.400865707514 149.345553916647 149.367288529221 149.540433337433 149.594256970311
5.8 149.455333973581 149.3929800956 149.408849771833 149.604226046891 149.660307305424
5.9 149.514607343496 149.444713953318 149.454305504775 149.67343274231 149.73191612285
6 149.578866951395 149.500921049249 149.503807468454 149.748252372027 149.809286499193
6.1 149.648296999805 149.561770091026 149.557510475822 149.828886887767 149.892624492317
6.2 149.723084961509 149.627433140503 149.615572611599 149.915541444914 149.982139342411
6.3 149.803421776233 149.698085811234 149.678155422569 150.008424590741 150.078043659225
6.4 149.889502015647 149.77390743315 149.745424076664 150.107748411851 150.180553565916
6.5 149.981523994592 149.855081164973 149.817547473113 150.213728617756 150.289888775984
6.6 150.079689813375 149.941794041556 149.894698292195 150.326584545555 150.406272588214
6.7 150.184205323728 150.034236950641 149.977052979841 150.446539079343 150.529931793548
6.8 150.295280052594 150.13260457753 150.064791703565 150.573818528865 150.661096539677
6.9 150.413127162873 150.237095398701 150.158098356117 150.708652558803 150.800000246952
7 150.537963530274 150.347911801271 150.257160680605 150.851274255357 150.946879666178
7.1 150.670009992717 150.465260375195 150.362170559182 151.001920380813 151.101975129226
7.2 150.809491765409 150.589352363614 150.473324451161 151.160831801558 151.265530978409
7.3 150.956638973749 150.720404216722 150.590823926716 151.328254029977 151.437796112109
7.4 151.111687224497 150.858638168124 150.714876218567 151.504437791689 151.619024554794
7.5 151.27487812904 151.00428275056 150.845694712908 151.689639526137 151.809475956243
7.6 151.446459704065 151.157573182538 150.983499315599 151.884121743516 152.009415940765
7.7 151.626686597887 151.318751581664 151.128516653104 152.088153186908 152.2191162543
7.8 151.815820117767 151.488066987008 151.280980092938 152.302008777552 152.438854687589
7.9 152.014128059174 151.665775196827 151.441129590822 152.525969347976 152.668914781108
8 152.22188435857 151.852138446412 151.609211388722 152.760321188627 152.909585338872
8.1 152.439368737691 152.047425111485 151.785477738234 153.005355606278 153.161159950637
8.2 152.666866666198 152.251909779893 151.970186975327 153.261368857049 153.423936889762
8.3 152.904669889331 152.46587391984 152.163604167527 153.528662691531 153.698219631852
8.4 153.15307753453 152.689607120063 152.366002310829 153.807545487392 153.984317974116
8.5 153.412397598289 152.923408668063 152.577663848706 154.09833373341 154.282549516924
8.6 153.6829485067 153.167589143152 152.798882198695 154.401353539101 154.593241174319
8.7 153.965060448705 153.422471727089 153.029962998611 154.716941866926 154.916730401421
8.8 154.259076260965 153.688393030077 153.271224878498 155.045447274254 155.253365918662
8.9 154.565351752605 153.96570334576 153.522999678129 155.387230064829 155.60350782882
9 154.884255462461 154.254766352274 153.785632130053 155.742661852905 155.967527129768
9.1 155.216167921731 154.555958350633 154.059479099075 156.112124620701 156.345804705737
9.2 155.561480544713 154.869667173538 154.344908507874 156.496009396523 156.738729927828
9.3 155.920594291691 155.19629091137 154.642298089922 156.894714699669 157.14669901323
9.4 156.29391853685 155.536236930964 154.952034414575 157.308645226675 157.570113612637
9.5 156.681871838931 155.889923084005 155.274513963629 157.738212655208 158.009381473124
9.6 157.084885192725 156.257781512275 155.610146720057 158.183838959185 158.46491961801
9.7 157.503406903428 156.640263947732 155.959361243973 158.645961166111 158.937159014791
9.8 157.937907623256 157.037846913044 156.322609678243 159.125036045737 159.426549222654
9.9 158.388884277215 157.451035542787 156.700371409401 159.621543530349 159.933561794443
10 158.856862159243 157.880365382426 157.093154735141 160.135988250899 160.458691784468
10.1 159.342395054475 158.326402128078 157.501496494164 160.668899116718 161.002457264357
10.2 159.846063664634 158.789739683708 157.925960028224 161.2208272407 161.565397136325
10.3 160.36847284194 159.270997111667 158.367132044472 161.792342703417 162.14806773612
10.4 160.910248203234 159.770815083078 158.825618974554 162.384030696221 162.751038771304
10.5 161.472032653769 160.289852360425 159.302043350364 162.996487535674 163.374889094893
10.6 162.054483250395 160.828782721885 159.797040592097 163.630316944674 164.020202716214
10.7 162.658268715367 161.388292604921 160.311256471932 164.286126882789 164.687565335261
10.8 163.284077588547 161.969091288803 160.845356020208 164.964537698378 165.377571643733
10.9 163.932636108681 162.571930972776 161.400042240428 165.666199304034 166.090841632591
11 164.604727546505 163.197626916034 161.97607550187 166.391808488006 166.828037425746
11.1 165.3012059469 163.847070426713 162.574286290123 167.142119932083 167.589874196699
11.2 166.023001477581 164.521232395936 163.195578670786 167.917948944384 168.377122971383
11.3 166.771118087128 165.22115867398 163.840925512784 168.720167019557 169.190606217933
11.4 167.546625956856 165.947960232484 164.511358304326 169.549692679583 170.031188538746
11.5 168.350651608813 166.702801242151 165.207954671347 170.407480175575 170.899764990164
11.6 169.184368118986 167.486887604761 165.931826154861 171.294508158066 171.797249140774
11.7 170.048987176919 168.301457636563 166.684107965447 172.211769767832 172.724562352154
11.8 170.945754026496 169.147775810231 167.465951633018 173.160264983025 173.682625154727
11.9 171.875945752906 170.027129853767 168.278520849311 174.140995571361 174.672351096766
12 172.840872983143 170.940831100119 169.122990387344 175.154962655383 175.694643091942
12.1 173.841926080748 171.890267925437 170.000591962458 176.203208444621 176.750430325959
12.2 174.880664263879 172.877004298634 170.912704232358 177.286896586892 177.84074275076
12.3 175.958880981805 173.902841820783 171.860914982203 178.407363411876 178.966761163568
12.4 177.078621605687 174.969825576398 172.847030929532 179.566122534862 180.129823514338
12.5 178.24216323129 176.080209875321 173.873046365767 180.764835957529 181.331398123381
12.6 179.451976463136 177.236406884732 174.94109208348 182.005270722279 182.573041463025
12.7 180.71068612768 178.440935993194 176.053382723825 183.289255566817 183.856354490696
12.8 182.021041261268 179.696384106361 177.212173543359 184.618645609597 185.182945658858
12.9 183.385898837595 181.005380774846 178.419731208345 185.995298100818 186.554403960785
13 184.80822177745 182.370588005976 179.678318926095 187.421059220503 187.97228234527
13.1 186.291089673258 183.794702524917 180.990193913173 188.897760386317 189.438090246655
13.2 187.837719819288 185.280467514429 182.357614316766 190.427221995892 190.953293346608
13.3 189.451496042712 186.83069090807 183.782852674246 192.011262531314 192.519318607042
13.4 191.136105120422 188.448392265832 185.268317731928 193.651805617118 194.137645110503
13.5 192.896108960872 190.137468091051 186.817123256224 195.351384225002 195.81024757043
13.6 194.737068619809 191.902757925687 188.433209507762 197.113207696462 197.539686019251
13.7 196.665353582398 193.749758864797 190.12112629673 198.940952553653 199.328931314092
13.8 198.687871285029 195.684287598869 191.885722441341 200.838502459563 201.181126337365
13.9 200.811848132877 197.712221843968 193.731883242107 202.809744947701 203.099389373175
14 203.044701689635 199.839349142071 195.66436187294 204.858449419702 205.086688857358
14.1 205.393996566924 202.071307160896 197.687700043948 206.988214483559 207.145782304625
14.2 207.867460478531 204.413587442808 199.806214876045 209.2024630722 209.279201273758
14.3 210.473036223822 206.871576126438 202.024026953567 211.504465526423 211.489264643602
14.4 213.218950253182 209.450611294106 204.345109061442 213.897375879574 213.778106521439
14.5 216.113784214982 212.156043104053 206.773341108849 216.384271555776 216.147709439189
14.6 219.166540679682 214.993288186025 209.312562050532 218.9681905364 218.599936988529
14.7 222.386697675653 217.96787358883 211.966613599844 221.652162685569 221.136562533213
14.8 225.788369679823 221.090294765462 214.74314514826 224.442560174345 223.761989116605
14.9 229.389043959186 224.374451492998 217.65287543268 227.348156024237 226.48276576251
15 233.207042555716 227.834516930279 220.707206433381 230.378012183801 229.305858544467
15.1 237.25997791615 231.483192326696 223.916558630933 233.540212815003 232.237466301914
15.2 241.564184827467 235.33119188652 227.289670453008 236.841437950809 235.282551567932
15.3 246.134718574176 239.387356651683 230.833524541915 240.287003359834 238.444813062584
15.4 250.985586723252 243.658996891556 234.553570884163 243.881084160122 241.726853033447
15.5 256.130020634771 248.152259643379 238.454038673408 247.626968910375 245.130394788029
15.6 261.580695042122 252.872434930165 242.538230277131 251.527277011139 248.65648234093
15.7 267.34986321286 257.824174170275 246.808753480731 255.584118428691 252.305637580899
15.8 273.449404545402 263.011622012793 251.267681686718 259.799196041969 256.077971459059
15.9 279.890793729785 268.43847371113 255.916647336257 264.173858945923 259.973254361317
16 286.6850042544 274.10797284316 260.756879621254 268.709116804954 263.990953369668
16.1 293.865266137859 280.045934750877 265.805810686927 273.420217759836 268.140836226761
16.2 301.480866829791 286.297294256582 271.096369587856 278.334801111944 272.443065957662
16.3 309.565216550156 292.893031501119 276.654068272967 283.472362247506 276.913509858462
16.4 318.135274144029 299.845825577163 282.491715184887 288.841227548562 281.559702113587
16.5 327.196356662176 307.155416090355 288.611523108666 294.44143479865 286.382235074894
16.6 336.746372213701 314.813958048885 295.008564071024 300.267919402855 291.377124111645
16.7 346.778577053226 322.809521239955 301.673583644279 306.312746958703 296.537693336932
16.8 357.283096184267 331.128037763026 308.594858288539 312.566431329497 301.855789137525
16.9 368.247612028882 339.754252623038 315.759274757566 319.018619146525 307.322470356381
17 379.657552916917 348.672094811466 323.152881046498 325.658387870978 312.928356681849
17.1 391.496008345605 357.864733874636 330.761111003352 332.474327035968 318.663773695007
17.2 403.743513996396 367.31448005732 338.568822472325 339.454508133213 324.518785679179
17.3 416.377792606274 377.002619371372 346.560238900546 346.586405246887 330.483172012162
17.4 429.45921133728 386.9685571365 354.758965147363 353.892300998838 336.568156959197
17.5 443.391566887623 397.50651730865 363.362690761852 361.546605323323 342.881847939489
17.6 458.146199716615 408.681836716759 372.424136112164 369.585758862916 349.463845434451
17.7 473.593135856282 420.426332245826 381.911102745455 377.971206482951 356.299696244152
17.8 489.596650758978 432.635585760022 391.7599284701 386.643325492982 363.353204424579
17.9 506.035426490033 445.207678630148 401.901136863365 395.542651500396 370.583674144453
18 522.803469125928 458.053078068804 412.269158579697 404.615838543158 377.952532593388
18.1 539.806789422062 471.094622834883 422.804879627095 413.816141555782 385.425082174373
18.2 556.959849827007 484.265013471292 433.455420440153 423.102308987393 392.970403641331
18.3 574.182743982974 497.50420348545 444.173073714133 432.437256652654 400.560710495046
18.4 591.399205906492 510.757311317858 454.914161692042 441.786942148178 408.170652567893
18.5 608.535318282334 523.973109365975 465.638070854909 451.119521559601 415.77673094125
18.6 625.518757126521 537.102996080389 476.306520514857 460.40476229167 423.356856264308
18.7 642.278432508284 550.10033790716 486.883048887235 469.613660508346 430.890037591163
18.8 664.130287863367 564.687264090673 498.573096351341 479.770978372423 438.864122111249
18.9 689.455542357525 580.970368308153 511.373719887617 490.898023400368 447.366056583459
19 716.264197681658 598.331368749663 524.882923477741 502.625515422864 456.24376854804
19.1 743.567605981221 616.227542158176 538.766027161168 514.647921554517 465.332141463351
19.2 770.862838422266 634.299248145112 552.790556262857 526.764890456187 474.506541822466
19.3 797.866587174848 652.318272478528 566.798632145996 538.847725077136 483.679641472905
19.4 824.401113047568 670.13547583851 580.680616361913 550.810537004966 492.789917918033
19.5 850.343739868183 687.647981776301 594.357380999235 562.592757280817 501.792548604151
19.6 875.603115477767 704.780630672941 607.769374194094 574.149249959115 510.653503788663
19.7 900.107416394435 721.475686700741 620.870035817752 585.444758424022 519.345923596829
19.8 923.798211498785 737.687067175466 633.621834257003 596.450743581923 527.847922929423
19.9 946.6271504441 753.377042882237 645.993857779512 607.143548578041 536.141255060623
20 968.55412269899 768.514308835608 657.960330040924 617.503311333591 544.210488219463
20.1 989.546206419851 783.072830397594 669.499680180801 627.513306686362 552.042490399314
20.2 1009.64538463295 797.054038932671 680.607781745981 637.1718440448 559.632041967321
20.3 1028.89020062208 810.469981900038 691.287763113808 646.483031370155 566.978428664083
20.4 1047.23361019433 823.308615473608 701.529698922486 655.438455034176 574.076178308618
20.5 1064.63146116409 835.548970676407 711.319439493599 664.025581782252 580.917309769593
20.6 1081.05534635596 847.171910684062 720.643898929408 672.233118811946 587.493965259341
20.7 1096.49055427945 858.16355920247 729.492967290111 680.052655129573 593.799622834374
20.8 1110.93298529278 868.515632561093 737.859934663404 687.478832786409 599.829461712187
20.9 1124.38695614873 878.224919945629 745.741390153049 694.509113535733 605.580381606974
21 1136.8637628061 887.29267048238 753.136977347974 701.143490274306 611.050909868641
21.1 1148.38069582182 895.724068153651 760.04913444354 707.384229474699 616.241083962699
21.2 1158.96029764193 903.527802367993 766.482851712187 713.235651794804 621.152336016244
21.3 1168.62974092732 910.715705389584 772.445447829796 718.703940036274 625.787384382124
21.4 1176.34314295211 916.949010955432 777.69828794977 723.586420687188 630.048546817139
21.5 1177.2999283423 920.527422931454 781.061247090614 726.877007358836 633.434351375147
21.6 1174.57327410475 921.830892714215 782.860396304235 728.837601533403 635.986829775493
21.7 1169.70571700801 921.508651805147 783.493224867715 729.841517928565 637.877769569734
21.8 1163.40437153278 920.017790268283 783.241826433616 730.14206440132 639.251706620235
21.9 1156.02339589077 917.637257296217 782.290301485037 729.893803470822 640.208107385164
22 1147.76256986725 914.537166645087 780.759245392996 729.192454558218 640.813205805637
22.1 1138.74944926144 910.826981339761 778.730787000541 728.100805070854 641.112257446467
22.2 1129.07561692217 906.582790709768 776.264119274689 726.663251529746 641.137839170058
22.3 1118.81376872513 901.862066771676 773.404710607086 724.913756626792 640.91492167525
22.4 1108.02622497516 896.711662630079 770.189721597318 722.880239608942 640.463884540448
22.5 1096.76935415325 891.172222915863 766.65120788521 720.587041928469 639.802304659144
22.6 1085.09593785734 885.280662944655 762.81803216055 718.056336476433 638.94602417031
22.7 1073.05644852323 879.071581757298 758.717014408789 715.308942617315 637.909792612102
22.8 1060.27115690395 872.281444538098 754.173037440855 712.187292321513 636.598762825002
22.9 1046.6982737702 864.797877743664 749.103886325866 708.625670419667 634.956844614421
23 1032.46678011268 856.6723546979 743.530491063994 704.652320999982 632.989150417962
23.1 1017.72065226763 848.010324596553 737.515391198624 700.326618230284 630.729474614014
23.2 1002.5851919119 838.917707613426 731.129444389846 695.709562615303 628.218439900206
23.3 987.164234102622 829.485717899085 724.438779429394 690.85487875918 625.494487750068
23.4 971.543760887344 819.789817841376 717.501174705526 685.807849977399 622.591302324655
23.5 955.796031301904 809.892396686181 710.366107136819 680.606447379994 619.537742224942
23.6 939.982938889203 799.845775043781 703.075943957765 675.28284689272 616.358543715859
23.7 924.158483117669 789.694665513499 695.6672919203 669.864760050528 613.075131746177
23.8 908.370517251339 779.47800205739 688.172175164875 664.376464129216 609.706323683544
23.9 892.661963840598 769.230249776984 680.618970072609 658.839559226426 606.268881615839
24 877.07165546719 758.982328936471 673.033115327078 653.273511800172 602.777926746771
24.1 861.612009976133 748.739192571355 665.421027353489 647.681447873872 599.236651505758
24.2 846.276364905681 738.484446555763 657.771669211085 642.052679068143 595.636735944405
24.3 831.070974125719 728.21382186376 650.079887407173 636.383511355968 591.973319274377
24.4 816.014292468086 717.938569688394 642.351211256499 630.679786953831 588.248781360664
24.5 801.131703612445 707.679594332615 634.599389399251 624.953718490793 584.471139027511
24.6 786.451191525269 697.462034179903 626.842823529524 619.22064154199 580.651613482671
24.7 772.000568052854 687.311855038932 619.101774585773 613.496814691991 576.802759646778
24.8 757.805916616306 677.254001573767 611.396564454733 607.798149387101 572.937293244786
24.9 743.890827463105 667.311506170706 603.746549402352 602.139559320945 569.06743879186
25 730.276102100896 657.505136910381 596.169602406951 596.534677474827 565.204608261431
25.1 716.97971724107 647.853332442869 588.681903669074 590.995775770145 561.359272389567
25.2 704.016922364026 638.372280071176 581.297906068945 585.533788749041 557.540937117953
25.3 691.40039931044 629.076057954751 574.030393152218 580.158385670928 553.758173489302
25.4 679.139620951584 619.975834094918 566.889826667251 574.87739584625 550.018132557176
25.5 667.237370418294 611.075748139524 559.881019866053 569.69392103798 546.324134888594
25.6 655.692608289974 602.376306040418 553.005312885192 564.608509925331 542.677160047806
25.7 644.502930168438 593.877341284797 546.263017125649 559.621197698072 539.077611352849
25.8 633.665799427108 585.579290972559 539.654776233548 554.73247041871 535.526263839127
25.9 623.178916706676 577.483438050921 533.182020224173 549.943493569992 532.024550321401
26 613.040154319779 569.591706671927 526.846919572746 545.255993737467 528.574503336728
