  1.000000000000000E-01   1.499373371077113E+02   1.499421672787783E+02   1.499611848536625E+02   1.499540858218920E+02   1.499777943471307E+02
  2.000000000000000E-01   1.498862693936180E+02   1.498967444396874E+02   1.499195416768217E+02   1.499169676558022E+02   1.499504961265162E+02
  3.000000000000000E-01   1.498448153525439E+02   1.498577479264975E+02   1.498812667653249E+02   1.498831320631558E+02   1.499220156405999E+02
  4.000000000000000E-01   1.498089113177701E+02   1.498229173487288E+02   1.498465213402806E+02   1.498514701377730E+02   1.498934449112684E+02
  5.000000000000000E-01   1.497763081175050E+02   1.497908830273850E+02   1.498146121585207E+02   1.498213181998884E+02   1.498651041538800E+02
  6.000000000000000E-01   1.497458110667204E+02   1.497607870390327E+02   1.497848746014390E+02   1.497922405314754E+02   1.498370724635019E+02
  7.000000000000000E-01   1.497167501053338E+02   1.497320855763879E+02   1.497567931020322E+02   1.497639565718032E+02   1.498093501168055E+02
  7.999999999999999E-01   1.496887234303992E+02   1.497044228128390E+02   1.497299856413063E+02   1.497362815364227E+02   1.497819128671772E+02
  8.999999999999999E-01   1.496614745101890E+02   1.496775570164016E+02   1.497041709535256E+02   1.497090888768553E+02   1.497547313470490E+02
  9.999999999999999E-01   1.496348308297876E+02   1.496513184354648E+02   1.496791408856888E+02   1.496822889414205E+02   1.497277783016751E+02
  1.100000000000000E+00   1.496086719231571E+02   1.496255849743018E+02   1.496547402937078E+02   1.496558170044786E+02   1.497010312828765E+02
  1.200000000000000E+00   1.495829118249462E+02   1.496002676893601E+02   1.496308529858954E+02   1.496296263593996E+02   1.496744735771836E+02
  1.300000000000000E+00   1.495574889269702E+02   1.495753018075627E+02   1.496073919571234E+02   1.496036841603950E+02   1.496480944532522E+02
  1.400000000000000E+00   1.495323598192466E+02   1.495506409562386E+02   1.495842925657342E+02   1.495779688134909E+02   1.496218891719190E+02
  1.500000000000000E+00   1.495074953858156E+02   1.495262533363913E+02   1.495615077202022E+02   1.495524682850829E+02   1.495958589392749E+02
  1.600000000000000E+00   1.494828782349027E+02   1.495021191192658E+02   1.495390044479228E+02   1.495271789798989E+02   1.495700108694273E+02
  1.700000000000000E+00   1.494585009603642E+02   1.494782286394963E+02   1.495167614252568E+02   1.495021049873581E+02   1.495443579746792E+02
  1.800000000000000E+00   1.494343649438075E+02   1.494545811187679E+02   1.494947671825028E+02   1.494772575690167E+02   1.495189191800497E+02
  1.900000000000001E+00   1.494104795110290E+02   1.494311837504723E+02   1.494730187864300E+02   1.494526548042826E+02   1.494937193516108E+02
  2.000000000000000E+00   1.493868613239972E+02   1.494080510325171E+02   1.494515208633951E+02   1.494283213392693E+02   1.494687893271150E+02
  2.100000000000001E+00   1.493635339314998E+02   1.493852042709304E+02   1.494302848662548E+02   1.494042882005352E+02   1.494441659387895E+02
  2.200000000000001E+00   1.493405274258254E+02   1.493626712001063E+02   1.494093285157226E+02   1.493805926466378E+02   1.494198920206050E+02
  2.300000000000001E+00   1.493178781697119E+02   1.493404856816280E+02   1.493886753660852E+02   1.493572780386065E+02   1.493960163945887E+02
  2.400000000000001E+00   1.492956285676934E+02   1.493186874546816E+02   1.493683544591062E+02   1.493343937163610E+02   1.493725938328255E+02
  2.500000000000001E+00   1.492738268638176E+02   1.492973219190457E+02   1.493484000397499E+02   1.493119948722218E+02   1.493496849933766E+02
  2.600000000000001E+00   1.492525269525418E+02   1.492764399371515E+02   1.493288513143748E+02   1.492901424158491E+02   1.493273563296360E+02
  2.700000000000001E+00   1.492317881951190E+02   1.492560976459022E+02   1.493097522375372E+02   1.492689028270877E+02   1.493056799735414E+02
  2.800000000000001E+00   1.492116752224256E+02   1.492363562732650E+02   1.492911513175428E+02   1.492483479946898E+02   1.492847335933629E+02
  2.900000000000001E+00   1.491922577584677E+02   1.492172819518934E+02   1.492731014341156E+02   1.492285550432818E+02   1.492646002295353E+02
  3.000000000000001E+00   1.491736104434630E+02   1.491989455257971E+02   1.492556596605084E+02   1.492096061422785E+02   1.492453681103609E+02
  3.100000000000001E+00   1.491558126302801E+02   1.491814223584936E+02   1.492388870894958E+02   1.491915883036883E+02   1.492271304511053E+02
  3.200000000000002E+00   1.491389481719837E+02   1.491647921418484E+02   1.492228486649998E+02   1.491745931757778E+02   1.492099852420395E+02
  3.300000000000002E+00   1.491231052150990E+02   1.491491387040079E+02   1.492076130183606E+02   1.491587168339383E+02   1.491940350308096E+02
  3.400000000000002E+00   1.491083759992337E+02   1.491345498188432E+02   1.491932523091068E+02   1.491440595711952E+02   1.491793867039813E+02
  3.500000000000002E+00   1.490948566631977E+02   1.491211170201527E+02   1.491798420716261E+02   1.491307256919570E+02   1.491661512717757E+02
  3.600000000000002E+00   1.490826470546175E+02   1.491089354230636E+02   1.491674610685444E+02   1.491188233120918E+02   1.491544436587609E+02
  3.700000000000002E+00   1.490718505511167E+02   1.490981035536941E+02   1.491561911518775E+02   1.491084641668316E+02   1.491443825020037E+02
  3.800000000000002E+00   1.490625738870792E+02   1.490887231868477E+02   1.491461171314867E+02   1.490997634264590E+02   1.491360899571125E+02
  3.900000000000002E+00   1.490549269870607E+02   1.490808991904572E+02   1.491373266496969E+02   1.490928395195625E+02   1.491296915111204E+02
  4.000000000000002E+00   1.490490228060138E+02   1.490747393748809E+02   1.491299100613424E+02   1.490878139617885E+02   1.491253158002946E+02
  4.100000000000001E+00   1.490449772113695E+02   1.490703543419156E+02   1.491239603159642E+02   1.490848111871788E+02   1.491230944325850E+02
  4.200000000000001E+00   1.490429088195480E+02   1.490678573424227E+02   1.491195728417430E+02   1.490839583774160E+02   1.491231618111829E+02
  4.300000000000001E+00   1.490429387705886E+02   1.490673641518249E+02   1.491168454382544E+02   1.490853853060472E+02   1.491256549616843E+02
  4.400000000000000E+00   1.490451905863470E+02   1.490689929437614E+02   1.491158781804903E+02   1.490892241987015E+02   1.491307133714758E+02
  4.500000000000000E+00   1.490497900873806E+02   1.490728641609481E+02   1.491167733261112E+02   1.490956095933374E+02   1.491384788443637E+02
  4.600000000000000E+00   1.490568653053643E+02   1.490791004056244E+02   1.491196352314534E+02   1.491046782144174E+02   1.491490953746921E+02
  4.699999999999999E+00   1.490665463928971E+02   1.490878263576608E+02   1.491245702858107E+02   1.491165688734385E+02   1.491627090447763E+02
  4.799999999999999E+00   1.490789655464569E+02   1.490991687163435E+02   1.491316868657393E+02   1.491314223978781E+02   1.491794679481843E+02
  4.899999999999999E+00   1.490942569572964E+02   1.491132561609989E+02   1.491410953071484E+02   1.491493815847748E+02   1.491995221365427E+02
  4.999999999999998E+00   1.491125567797930E+02   1.491302193272916E+02   1.491529078922529E+02   1.491705911699380E+02   1.492230235855142E+02
  5.099999999999998E+00   1.491340031146928E+02   1.491501907953361E+02   1.491672388445239E+02   1.491951978054272E+02   1.492501261704802E+02
  5.199999999999998E+00   1.491587359894751E+02   1.491733050765281E+02   1.491842043265232E+02   1.492233500398345E+02   1.492809856422360E+02
  5.299999999999997E+00   1.491868973431601E+02   1.491996985967441E+02   1.492039224364059E+02   1.492551982912755E+02   1.493157595943416E+02
  5.399999999999997E+00   1.492186309301013E+02   1.492295096774016E+02   1.492265131965973E+02   1.492908948129183E+02   1.493546074150105E+02
  5.499999999999996E+00   1.492540820589050E+02   1.492628785398664E+02   1.492520985510441E+02   1.493305936574971E+02   1.493976902254255E+02
  5.599999999999996E+00   1.492933980519882E+02   1.492999471954130E+02   1.492808023465422E+02   1.493744506327823E+02   1.494451708369637E+02
  5.699999999999996E+00   1.493367283024949E+02   1.493408593837985E+02   1.493127502878095E+02   1.494226231980743E+02   1.494972137066242E+02
  5.799999999999995E+00   1.493842240281032E+02   1.493857606419098E+02   1.493480699493522E+02   1.494752704760848E+02   1.495539849274892E+02
  5.899999999999995E+00   1.494360381938859E+02   1.494347983902236E+02   1.493868908496682E+02   1.495325533435602E+02   1.496156522776537E+02
  5.999999999999995E+00   1.494923256362776E+02   1.494881220227709E+02   1.494293445533551E+02   1.495946345413618E+02   1.496823853240161E+02
  6.099999999999994E+00   1.495532431772419E+02   1.495458830191806E+02   1.494755647901855E+02   1.496616787966453E+02   1.497543555586344E+02
  6.199999999999994E+00   1.496189498181771E+02   1.496082350714404E+02   1.495256875868475E+02   1.497338529701556E+02   1.498317365492358E+02
  6.299999999999994E+00   1.496896068813381E+02   1.496753342267818E+02   1.495798514007792E+02   1.498113261888418E+02   1.499147040817713E+02
  6.399999999999993E+00   1.497653781355295E+02   1.497473390038219E+02   1.496381972412401E+02   1.498942699630589E+02   1.500034362714994E+02
  6.499999999999993E+00   1.498464298894914E+02   1.498244104836489E+02   1.497008687684085E+02   1.499828582611767E+02   1.500981136313442E+02
  6.599999999999993E+00   1.499329310257772E+02   1.499067123694681E+02   1.497680123500220E+02   1.500772675367026E+02   1.501989190966850E+02
  6.699999999999992E+00   1.500250530370274E+02   1.499944110013096E+02   1.498397771073627E+02   1.501776767282464E+02   1.503060380061458E+02
  6.799999999999992E+00   1.501229715354567E+02   1.500876751055740E+02   1.499163148429566E+02   1.502842671377800E+02   1.504196580831842E+02
  6.899999999999991E+00   1.502268640308503E+02   1.501866761578344E+02   1.499977800751907E+02   1.503972224335471E+02   1.505399693648114E+02
  6.999999999999991E+00   1.503369093631719E+02   1.502915886718024E+02   1.500843302940835E+02   1.505167290301156E+02   1.506671643091578E+02
  7.099999999999991E+00   1.504532889463781E+02   1.504025901288286E+02   1.501761261731228E+02   1.506429762384000E+02   1.508014380332116E+02
  7.199999999999990E+00   1.505761876160236E+02   1.505198610762745E+02   1.502733317467348E+02   1.507761563997870E+02   1.509429886066861E+02
  7.299999999999990E+00   1.507057939794448E+02   1.506435855127801E+02   1.503761146755802E+02   1.509164651378026E+02   1.510920174127210E+02
  7.399999999999990E+00   1.508423007398922E+02   1.507739512556374E+02   1.504846465795710E+02   1.510641017323032E+02   1.512487294627409E+02
  7.499999999999989E+00   1.509859047585558E+02   1.509111503503490E+02   1.505991033663569E+02   1.512192694802783E+02   1.514133337040278E+02
  7.599999999999989E+00   1.511368074149183E+02   1.510553793496576E+02   1.507196655455419E+02   1.513821760015308E+02   1.515860432928116E+02
  7.699999999999989E+00   1.512952146751580E+02   1.512068395537790E+02   1.508465184583718E+02   1.515530334375876E+02   1.517670757872941E+02
  7.799999999999988E+00   1.514613374184695E+02   1.513657371329175E+02   1.509798524138307E+02   1.517320585765737E+02   1.519566532461950E+02
  7.899999999999988E+00   1.516353913768728E+02   1.515322831190165E+02   1.511198627661668E+02   1.519194728821569E+02   1.521550022096273E+02
  7.999999999999988E+00   1.518175971236284E+02   1.517066933641190E+02   1.512667498306332E+02   1.521155023497656E+02   1.523623535793963E+02
  8.099999999999987E+00   1.520081756370554E+02   1.518891891476220E+02   1.514207191260453E+02   1.523203777695615E+02   1.525789424561173E+02
  8.199999999999987E+00   1.522073519652296E+02   1.520799965890253E+02   1.515819815241147E+02   1.525343347574719E+02   1.528050083009262E+02
  8.299999999999986E+00   1.524153625956760E+02   1.522793456701823E+02   1.517507529790008E+02   1.527576130493910E+02   1.530407952281882E+02
  8.399999999999986E+00   1.526324521208207E+02   1.524874715873316E+02   1.519272547654685E+02   1.529904567233125E+02   1.532865522105444E+02
  8.499999999999986E+00   1.528588701155438E+02   1.527046162984497E+02   1.521117145684529E+02   1.532331158920413E+02   1.535425336925997E+02
  8.599999999999985E+00   1.530948718342178E+02   1.529310294869516E+02   1.523043676600869E+02   1.534858478379449E+02   1.538090005508285E+02
  8.699999999999985E+00   1.533407194059694E+02   1.531669691510139E+02   1.525054579348839E+02   1.537489177733350E+02   1.540862210627880E+02
  8.799999999999985E+00   1.535966837308198E+02   1.534127021709259E+02   1.527152385756257E+02   1.540225994937049E+02   1.543744717709863E+02
  8.899999999999984E+00   1.538630448986892E+02   1.536685048165351E+02   1.529339724148221E+02   1.543071758105476E+02   1.546740380011431E+02
  8.999999999999984E+00   1.541400929690708E+02   1.539346628233116E+02   1.531619320997857E+02   1.546029387888981E+02   1.549852140249684E+02
  9.099999999999984E+00   1.544281272974762E+02   1.542114715092002E+02   1.533994000025165E+02   1.549101895074756E+02   1.553083028824373E+02
  9.199999999999983E+00   1.547274566952286E+02   1.544992354909766E+02   1.536466678873639E+02   1.552292376394639E+02   1.556436159160045E+02
  9.299999999999983E+00   1.550383987481913E+02   1.547982682112672E+02   1.539040366225259E+02   1.555604010019158E+02   1.559914720844184E+02
  9.399999999999983E+00   1.553612861331220E+02   1.551088902858612E+02   1.541718152049609E+02   1.559040042037865E+02   1.563521972001763E+02
  9.499999999999982E+00   1.556964858540263E+02   1.554314263870351E+02   1.544503190482090E+02   1.562603755949980E+02   1.567261226555611E+02
  9.599999999999982E+00   1.560443358582363E+02   1.557662171520670E+02   1.547398741250673E+02   1.566298542001739E+02   1.571135857158407E+02
  9.699999999999982E+00   1.564051698614597E+02   1.561136167903322E+02   1.550408218537472E+02   1.570127923170705E+02   1.575149327288785E+02
  9.799999999999981E+00   1.567793406548857E+02   1.564739909555071E+02   1.553535202364318E+02   1.574095548367027E+02   1.579305229329179E+02
  9.899999999999981E+00   1.571672276869151E+02   1.568477199327871E+02   1.556783445004212E+02   1.578205211167853E+02   1.583607315476908E+02
  9.999999999999980E+00   1.575692337569535E+02   1.572352031362759E+02   1.560156887298826E+02   1.582460880161540E+02   1.588059517816141E+02
  1.009999999999998E+01   1.579857822842862E+02   1.576368612226126E+02   1.563659671131537E+02   1.586866721610385E+02   1.592665957790186E+02
  1.019999999999998E+01   1.584173185050799E+02   1.580531360863991E+02   1.567296146960446E+02   1.591427102335818E+02   1.597430945264472E+02
  1.029999999999998E+01   1.588643069093704E+02   1.584844903498037E+02   1.571070861612133E+02   1.596146577388937E+02   1.602358967341420E+02
  1.039999999999998E+01   1.593272327497056E+02   1.589314051819230E+02   1.574988552502848E+02   1.601029880553494E+02   1.607454671088345E+02
  1.049999999999998E+01   1.598065974505308E+02   1.593943790214856E+02   1.579054132801119E+02   1.606081903506260E+02   1.612722843703604E+02
  1.059999999999998E+01   1.603029179915322E+02   1.598739245755815E+02   1.583272670930725E+02   1.611307662402843E+02   1.618168380176499E+02
  1.069999999999998E+01   1.608167190708754E+02   1.603705632628580E+02   1.587649351636367E+02   1.616712199441477E+02   1.623796175762824E+02
  1.079999999999998E+01   1.613483793987321E+02   1.608848465620517E+02   1.592189635337338E+02   1.622300761730083E+02   1.629611154394522E+02
  1.089999999999998E+01   1.618984496545441E+02   1.614173177427978E+02   1.596899198112002E+02   1.628078672231623E+02   1.635618430993625E+02
  1.099999999999998E+01   1.624676023584576E+02   1.619685444066162E+02   1.601783927787945E+02   1.634051376837324E+02   1.641823369707174E+02
  1.109999999999998E+01   1.630565351967896E+02   1.625391530593792E+02   1.606850104116091E+02   1.640224775633241E+02   1.648231704822048E+02
  1.119999999999998E+01   1.636659607811433E+02   1.631298338977080E+02   1.612104546094634E+02   1.646605356204013E+02   1.654849622121274E+02
